/*--------------------------------*- C++ -*----------------------------------*\
  =========                 |
  \\      /  F ield         | OpenFOAM: The Open Source CFD Toolbox
   \\    /   O peration     | Website:  https://openfoam.org
    \\  /    A nd           | Version:  9
     \\/     M anipulation  |
\*---------------------------------------------------------------------------*/
FoamFile
{
    format      ascii;
    class       volScalarField;
    location    "200";
    object      k;
}
// * * * * * * * * * * * * * * * * * * * * * * * * * * * * * * * * * * * * * //

dimensions      [0 2 -2 0 0 0 0];

internalField   nonuniform List<scalar> 
8000
(
0.0942326
0.0959606
0.103362
0.114403
0.127098
0.140148
0.152796
0.16466
0.175599
0.185615
0.19478
0.20319
0.210948
0.218146
0.224865
0.231169
0.237103
0.242676
0.247814
0.252087
0.194415
0.285129
0.359243
0.419413
0.468848
0.5102
0.545436
0.57596
0.6028
0.626715
0.648275
0.667913
0.685968
0.702701
0.718317
0.732964
0.746733
0.759583
0.771163
0.779865
0.208782
0.32173
0.418692
0.500111
0.567904
0.62463
0.672744
0.714253
0.750698
0.783223
0.812664
0.839625
0.864552
0.887775
0.909541
0.930024
0.949309
0.967294
0.983371
0.995246
0.212332
0.333109
0.439475
0.530698
0.608069
0.673805
0.730233
0.779381
0.822872
0.861947
0.897526
0.930286
0.960723
0.989203
1.016
1.04128
1.06513
1.08736
1.10713
1.12158
0.213089
0.336257
0.446272
0.542038
0.624467
0.695437
0.757055
0.811244
0.859589
0.903326
0.943392
0.98048
1.0151
1.04764
1.07837
1.10747
1.13497
1.16061
1.18334
1.19985
0.213269
0.337193
0.448582
0.546282
0.631094
0.704776
0.769322
0.826565
0.878026
0.924899
0.968089
1.00828
1.04597
1.08153
1.11523
1.14724
1.17756
1.20586
1.23089
1.24901
0.21332
0.337482
0.449367
0.547842
0.633713
0.708715
0.774803
0.833769
0.887092
0.935929
0.981158
1.02343
1.06325
1.10095
1.1368
1.17094
1.20334
1.23361
1.26038
1.27971
0.213339
0.337579
0.449644
0.548426
0.634749
0.710355
0.7772
0.837065
0.891417
0.941396
0.987862
1.03145
1.07264
1.11177
1.14907
1.18467
1.21853
1.25019
1.27819
1.29836
0.213347
0.337612
0.449743
0.548645
0.635153
0.71102
0.77821
0.838509
0.893382
0.943966
0.991112
1.03545
1.07744
1.11742
1.15561
1.19212
1.22689
1.25943
1.2882
1.30892
0.21335
0.337624
0.449776
0.548719
0.635292
0.711256
0.778578
0.839049
0.894136
0.944975
0.992418
1.03709
1.07945
1.11982
1.15843
1.19537
1.23057
1.26354
1.29269
1.31367
0.21335
0.337624
0.449776
0.548719
0.635292
0.711256
0.778578
0.839049
0.894136
0.944975
0.992418
1.03709
1.07945
1.11982
1.15843
1.19537
1.23057
1.26354
1.29269
1.31367
0.213347
0.337612
0.449743
0.548645
0.635153
0.71102
0.77821
0.838509
0.893382
0.943966
0.991112
1.03545
1.07744
1.11742
1.15561
1.19212
1.22689
1.25943
1.2882
1.30892
0.213339
0.337579
0.449644
0.548426
0.634749
0.710356
0.7772
0.837065
0.891417
0.941396
0.987862
1.03145
1.07264
1.11177
1.14907
1.18467
1.21853
1.25019
1.27819
1.29836
0.21332
0.337482
0.449367
0.547842
0.633713
0.708715
0.774803
0.833769
0.887092
0.935929
0.981158
1.02343
1.06325
1.10095
1.1368
1.17094
1.20334
1.23361
1.26038
1.2797
0.213269
0.337193
0.448582
0.546282
0.631094
0.704776
0.769322
0.826565
0.878026
0.924899
0.968089
1.00828
1.04597
1.08153
1.11523
1.14724
1.17756
1.20585
1.23089
1.24901
0.213089
0.336257
0.446272
0.542038
0.624467
0.695437
0.757055
0.811244
0.859589
0.903326
0.943392
0.98048
1.0151
1.04764
1.07837
1.10747
1.13497
1.16061
1.18334
1.19985
0.212332
0.333109
0.439475
0.530698
0.608069
0.673805
0.730233
0.779381
0.822872
0.861947
0.897526
0.930286
0.960723
0.989203
1.016
1.04128
1.06513
1.08736
1.10713
1.12158
0.208782
0.32173
0.418692
0.500111
0.567904
0.62463
0.672744
0.714253
0.750698
0.783223
0.812664
0.839625
0.864552
0.887775
0.909541
0.930024
0.949309
0.967293
0.983369
0.995243
0.194415
0.285129
0.359243
0.419413
0.468848
0.5102
0.545436
0.57596
0.6028
0.626715
0.648275
0.667913
0.685968
0.702701
0.718317
0.732964
0.746733
0.759583
0.771162
0.779862
0.0942326
0.0959606
0.103362
0.114403
0.127098
0.140148
0.152796
0.16466
0.175599
0.185615
0.19478
0.20319
0.210948
0.218146
0.224865
0.231169
0.237103
0.242676
0.247813
0.252086
0.0890813
0.0795967
0.0736605
0.0705436
0.0697785
0.0709199
0.0735668
0.0773508
0.0819408
0.087054
0.092461
0.0979879
0.10351
0.108944
0.114238
0.11936
0.124294
0.129017
0.133466
0.137339
0.104928
0.117173
0.133645
0.152495
0.172339
0.192316
0.21189
0.230742
0.248708
0.265733
0.281828
0.297042
0.31144
0.32509
0.338061
0.350409
0.362158
0.373263
0.38344
0.391499
0.108448
0.128099
0.154376
0.18444
0.215963
0.24727
0.277343
0.305674
0.332106
0.356691
0.379585
0.400977
0.421056
0.439988
0.457911
0.474928
0.491085
0.506308
0.520135
0.530758
0.109341
0.131511
0.161931
0.197531
0.235495
0.273625
0.310486
0.345316
0.377842
0.408094
0.436255
0.462561
0.487249
0.510528
0.53257
0.553499
0.573362
0.592034
0.60888
0.621591
0.109553
0.132497
0.164473
0.202493
0.243635
0.285484
0.326363
0.365315
0.401938
0.436189
0.468217
0.498247
0.52652
0.55325
0.578616
0.602741
0.625658
0.647184
0.666525
0.680958
0.109604
0.132783
0.165314
0.204319
0.246903
0.290604
0.333656
0.375004
0.414161
0.451022
0.485689
0.51836
0.549253
0.578572
0.606483
0.633096
0.658419
0.682213
0.703544
0.719356
0.109618
0.132867
0.165589
0.204972
0.248169
0.29273
0.336875
0.379517
0.420133
0.458579
0.494928
0.52935
0.562042
0.593188
0.622936
0.651381
0.678503
0.704011
0.726858
0.743726
0.109621
0.132892
0.165679
0.205205
0.248653
0.293594
0.338257
0.381554
0.422953
0.462296
0.499641
0.535142
0.568982
0.601327
0.632313
0.662016
0.690394
0.717113
0.741041
0.758669
0.109622
0.132899
0.165709
0.205287
0.248834
0.293934
0.338828
0.382433
0.424218
0.464025
0.501907
0.538012
0.572513
0.605569
0.637304
0.667782
0.696944
0.72443
0.749048
0.767163
0.109622
0.132901
0.165717
0.205313
0.248894
0.294052
0.339032
0.382756
0.424698
0.464699
0.502812
0.539184
0.573983
0.607365
0.63945
0.670295
0.699832
0.727687
0.75264
0.770992
0.109622
0.132901
0.165717
0.205313
0.248894
0.294052
0.339032
0.382756
0.424698
0.464699
0.502812
0.539184
0.573983
0.607365
0.63945
0.670294
0.699832
0.727687
0.752639
0.770992
0.109622
0.132899
0.165709
0.205287
0.248834
0.293934
0.338828
0.382433
0.424218
0.464025
0.501907
0.538012
0.572513
0.605569
0.637303
0.667782
0.696944
0.724429
0.749047
0.767161
0.109621
0.132892
0.165679
0.205205
0.248653
0.293594
0.338257
0.381554
0.422953
0.462296
0.499641
0.535143
0.568982
0.601327
0.632313
0.662016
0.690393
0.717112
0.74104
0.758666
0.109618
0.132867
0.165589
0.204972
0.248169
0.29273
0.336875
0.379517
0.420133
0.458579
0.494928
0.52935
0.562042
0.593188
0.622936
0.651381
0.678502
0.70401
0.726856
0.743722
0.109604
0.132783
0.165314
0.204319
0.246903
0.290604
0.333656
0.375004
0.414161
0.451022
0.485689
0.51836
0.549254
0.578572
0.606483
0.633096
0.658419
0.682212
0.703542
0.719352
0.109553
0.132497
0.164473
0.202493
0.243635
0.285484
0.326363
0.365315
0.401938
0.436189
0.468217
0.498247
0.52652
0.55325
0.578616
0.602741
0.625658
0.647183
0.666523
0.680954
0.109341
0.131511
0.161931
0.197531
0.235495
0.273625
0.310486
0.345316
0.377842
0.408094
0.436255
0.462561
0.487249
0.510528
0.53257
0.553498
0.573361
0.592032
0.608878
0.621587
0.108448
0.128099
0.154376
0.18444
0.215963
0.24727
0.277343
0.305674
0.332106
0.356691
0.379585
0.400977
0.421056
0.439988
0.457911
0.474927
0.491085
0.506306
0.520133
0.530754
0.104928
0.117173
0.133645
0.152495
0.172339
0.192316
0.21189
0.230742
0.248708
0.265733
0.281828
0.297042
0.31144
0.32509
0.338061
0.350409
0.362157
0.373262
0.383438
0.391496
0.0890813
0.0795967
0.0736605
0.0705436
0.0697785
0.0709199
0.0735668
0.0773508
0.0819408
0.087054
0.092461
0.0979879
0.10351
0.108944
0.114237
0.11936
0.124294
0.129016
0.133465
0.137337
0.0884918
0.0773246
0.0688736
0.0624091
0.0574899
0.0538131
0.0511782
0.0494451
0.0485089
0.0482843
0.0486963
0.049672
0.051139
0.0530251
0.055259
0.0577715
0.0604966
0.0633682
0.0663068
0.0690907
0.0962391
0.0929371
0.091063
0.0906878
0.09175
0.0941741
0.0978513
0.102644
0.108399
0.114954
0.122148
0.12983
0.137859
0.146112
0.154485
0.16289
0.171244
0.179451
0.187283
0.19387
0.0974573
0.0967571
0.0982796
0.101912
0.107497
0.114835
0.123694
0.133813
0.14492
0.15675
0.169062
0.181649
0.194341
0.207005
0.219543
0.231878
0.243938
0.255608
0.266548
0.275392
0.0977394
0.0978441
0.100715
0.106288
0.114413
0.124855
0.137286
0.151313
0.166521
0.182513
0.19894
0.215522
0.232046
0.248361
0.264364
0.279984
0.295149
0.309717
0.323225
0.333898
0.0978066
0.0981452
0.101498
0.107887
0.117234
0.129336
0.143852
0.160329
0.178261
0.197149
0.216553
0.23612
0.255586
0.274768
0.293546
0.311839
0.329563
0.346535
0.362176
0.374363
0.0978232
0.0982297
0.101745
0.108449
0.118328
0.131229
0.146839
0.164696
0.184259
0.204976
0.226348
0.247969
0.269531
0.29082
0.311692
0.332047
0.351778
0.370661
0.388009
0.401415
0.0978276
0.0982537
0.101822
0.108643
0.118738
0.131995
0.148132
0.166703
0.187165
0.208948
0.231527
0.254463
0.277421
0.30016
0.322516
0.344369
0.365589
0.385912
0.40456
0.418901
0.0978287
0.0982606
0.101846
0.108709
0.118889
0.132297
0.148674
0.167592
0.188517
0.210879
0.234145
0.257865
0.281687
0.305355
0.328691
0.351557
0.373804
0.395137
0.414708
0.429721
0.097829
0.0982625
0.101854
0.108731
0.118943
0.132413
0.148892
0.167968
0.189113
0.211765
0.23539
0.259535
0.283842
0.308047
0.331964
0.355445
0.378328
0.400294
0.420451
0.435893
0.0978291
0.098263
0.101856
0.108738
0.118961
0.132451
0.148968
0.168104
0.189337
0.212106
0.235882
0.260211
0.284732
0.309181
0.333366
0.357135
0.380319
0.402588
0.423028
0.438678
0.0978291
0.098263
0.101856
0.108738
0.118961
0.132451
0.148968
0.168104
0.189337
0.212106
0.235882
0.260211
0.284732
0.309181
0.333366
0.357135
0.380319
0.402588
0.423027
0.438678
0.097829
0.0982625
0.101854
0.108731
0.118943
0.132413
0.148892
0.167968
0.189113
0.211765
0.23539
0.259535
0.283842
0.308047
0.331964
0.355445
0.378328
0.400294
0.42045
0.435891
0.0978287
0.0982606
0.101846
0.108709
0.118889
0.132297
0.148674
0.167592
0.188517
0.210879
0.234145
0.257865
0.281687
0.305355
0.32869
0.351556
0.373804
0.395136
0.414707
0.429718
0.0978276
0.0982537
0.101822
0.108643
0.118738
0.131995
0.148132
0.166703
0.187165
0.208948
0.231527
0.254463
0.277421
0.30016
0.322516
0.344369
0.365589
0.385911
0.404558
0.418898
0.0978232
0.0982297
0.101745
0.108449
0.118328
0.131229
0.146839
0.164696
0.184259
0.204976
0.226348
0.247969
0.269531
0.29082
0.311692
0.332046
0.351777
0.37066
0.388007
0.401412
0.0978066
0.0981452
0.101498
0.107887
0.117234
0.129336
0.143852
0.160329
0.178261
0.197149
0.216553
0.23612
0.255586
0.274768
0.293546
0.311839
0.329562
0.346534
0.362173
0.374359
0.0977394
0.0978441
0.100715
0.106288
0.114413
0.124855
0.137286
0.151313
0.166521
0.182513
0.19894
0.215522
0.232046
0.248361
0.264364
0.279983
0.295148
0.309716
0.323222
0.333894
0.0974573
0.0967571
0.0982796
0.101912
0.107497
0.114835
0.123694
0.133813
0.14492
0.15675
0.169062
0.181649
0.194341
0.207005
0.219543
0.231877
0.243937
0.255607
0.266546
0.275389
0.0962391
0.0929371
0.091063
0.0906878
0.09175
0.0941741
0.0978513
0.102644
0.108399
0.114954
0.122148
0.12983
0.137859
0.146112
0.154485
0.162889
0.171243
0.17945
0.187282
0.193868
0.0884918
0.0773246
0.0688736
0.0624091
0.0574899
0.0538131
0.0511782
0.0494451
0.0485089
0.0482843
0.0486963
0.049672
0.051139
0.0530251
0.0552589
0.0577714
0.0604964
0.0633679
0.0663063
0.0690898
0.0884267
0.0770333
0.0681987
0.0611765
0.0555047
0.0508674
0.0470523
0.0439107
0.0413366
0.0392523
0.0376006
0.0363387
0.0354341
0.0348614
0.0345997
0.0346305
0.0349361
0.0354968
0.0362841
0.0372097
0.0953202
0.0898279
0.0847397
0.0802582
0.0764598
0.0733879
0.0710519
0.0694418
0.0685392
0.0683224
0.0687666
0.0698432
0.0715188
0.0737544
0.0765051
0.0797201
0.083341
0.0872947
0.0914414
0.0952775
0.096119
0.0921883
0.0889045
0.0863222
0.084473
0.0833784
0.0830537
0.0835086
0.0847457
0.086759
0.0895319
0.0930353
0.0972272
0.102052
0.107445
0.11333
0.119619
0.126198
0.13283
0.138637
0.0962698
0.0927532
0.0901014
0.0883542
0.0875314
0.0876481
0.0887185
0.0907528
0.0937523
0.0977043
0.102577
0.108319
0.114858
0.122106
0.12996
0.138312
0.14704
0.155983
0.164803
0.172288
0.0963009
0.0928889
0.0904387
0.0890134
0.088652
0.0893875
0.0912513
0.0942682
0.0984481
0.103778
0.110215
0.117686
0.126089
0.135299
0.145178
0.155582
0.166351
0.17728
0.187933
0.196808
0.096308
0.0929233
0.0905348
0.0892228
0.0890463
0.0900608
0.0923208
0.0958728
0.100745
0.106934
0.114398
0.123053
0.132779
0.143424
0.15482
0.166793
0.17915
0.191643
0.20375
0.213728
0.0963097
0.0929324
0.0905624
0.0892886
0.0891821
0.0903133
0.0927546
0.0965719
0.101812
0.108486
0.116561
0.125956
0.13654
0.14815
0.160598
0.173685
0.187197
0.200848
0.214044
0.224854
0.0963101
0.0929349
0.0905705
0.0893096
0.0892288
0.0904068
0.0929267
0.0968673
0.102289
0.109217
0.11763
0.12745
0.138549
0.150757
0.163879
0.177701
0.191992
0.206438
0.220394
0.23179
0.0963102
0.0929356
0.090573
0.0893164
0.0892448
0.0904408
0.0929931
0.0969875
0.102493
0.109544
0.118127
0.12817
0.139549
0.152094
0.165604
0.179862
0.194623
0.209559
0.223989
0.235754
0.0963102
0.0929357
0.0905737
0.0893184
0.0892498
0.0904519
0.0930156
0.09703
0.102568
0.109668
0.11832
0.128458
0.139958
0.152651
0.166338
0.180795
0.195776
0.210944
0.2256
0.237542
0.0963102
0.0929357
0.0905737
0.0893184
0.0892498
0.0904519
0.0930156
0.09703
0.102568
0.109668
0.11832
0.128458
0.139958
0.152651
0.166338
0.180795
0.195776
0.210943
0.225599
0.237542
0.0963102
0.0929356
0.090573
0.0893164
0.0892448
0.0904408
0.0929931
0.0969875
0.102493
0.109544
0.118127
0.12817
0.139549
0.152094
0.165604
0.179862
0.194623
0.209559
0.223988
0.235753
0.0963101
0.0929349
0.0905705
0.0893096
0.0892288
0.0904068
0.0929267
0.0968673
0.102289
0.109217
0.11763
0.12745
0.138549
0.150757
0.163879
0.177701
0.191991
0.206437
0.220393
0.231788
0.0963097
0.0929324
0.0905624
0.0892886
0.0891821
0.0903133
0.0927546
0.0965719
0.101812
0.108486
0.116561
0.125956
0.13654
0.14815
0.160597
0.173685
0.187197
0.200847
0.214042
0.224851
0.096308
0.0929233
0.0905348
0.0892228
0.0890463
0.0900608
0.0923208
0.0958728
0.100745
0.106934
0.114398
0.123053
0.132779
0.143424
0.15482
0.166792
0.17915
0.191642
0.203749
0.213725
0.0963009
0.0928889
0.0904387
0.0890134
0.088652
0.0893875
0.0912513
0.0942682
0.0984481
0.103778
0.110215
0.117686
0.126089
0.135299
0.145178
0.155581
0.166351
0.177279
0.187932
0.196805
0.0962698
0.0927532
0.0901014
0.0883542
0.0875314
0.0876481
0.0887185
0.0907528
0.0937523
0.0977043
0.102577
0.108319
0.114858
0.122106
0.12996
0.138312
0.147039
0.155982
0.164802
0.172286
0.096119
0.0921883
0.0889045
0.0863222
0.084473
0.0833784
0.0830537
0.0835086
0.0847457
0.086759
0.0895319
0.0930353
0.0972272
0.102052
0.107445
0.113329
0.119618
0.126197
0.132828
0.138635
0.0953202
0.0898279
0.0847397
0.0802582
0.0764598
0.0733879
0.0710519
0.0694418
0.0685392
0.0683224
0.0687666
0.0698432
0.0715188
0.0737543
0.076505
0.07972
0.0833407
0.0872942
0.0914406
0.0952762
0.0884267
0.0770333
0.0681987
0.0611765
0.0555047
0.0508674
0.0470523
0.0439107
0.0413366
0.0392523
0.0376006
0.0363387
0.0354341
0.0348614
0.0345996
0.0346304
0.034936
0.0354966
0.0362839
0.0372093
0.088419
0.0769943
0.0680998
0.0609821
0.0551727
0.0503507
0.0462985
0.042862
0.0399288
0.0374148
0.0352559
0.0334026
0.0318166
0.0304678
0.0293331
0.0283944
0.0276375
0.0270513
0.0266261
0.0263442
0.0952125
0.0894087
0.0837913
0.0785512
0.073765
0.0694758
0.0656898
0.0623921
0.0595594
0.0571678
0.0551952
0.0536225
0.052434
0.0516171
0.0511612
0.0510571
0.0512946
0.0518599
0.0527172
0.0537158
0.0959379
0.0914774
0.0872869
0.0834081
0.0798769
0.0767205
0.073957
0.071597
0.0696469
0.0681111
0.0669932
0.0662973
0.0660271
0.066186
0.0667752
0.0677933
0.0692328
0.0710728
0.0732414
0.0754012
0.0960611
0.0919228
0.0881832
0.0848488
0.0819283
0.0794303
0.0773624
0.0757324
0.0745492
0.0738236
0.073568
0.0737955
0.0745183
0.0757461
0.0774842
0.0797308
0.0824734
0.0856752
0.0892137
0.0925464
0.0960836
0.0920172
0.0884067
0.0852633
0.0825963
0.0804127
0.0787198
0.0775266
0.0768458
0.0766934
0.0770882
0.0780497
0.0795955
0.0817386
0.0844844
0.0878275
0.091746
0.0961822
0.100959
0.105337
0.096088
0.0920385
0.0884635
0.0853805
0.0828052
0.0807506
0.0792302
0.0782595
0.0778582
0.0780504
0.0788629
0.0803228
0.0824544
0.0852748
0.0887904
0.0929928
0.0978509
0.103287
0.109074
0.114303
0.096089
0.0920435
0.088478
0.0854132
0.0828689
0.080863
0.0794147
0.078546
0.0782841
0.0786611
0.0797127
0.0814746
0.0839787
0.0872484
0.0912934
0.0961045
0.101645
0.107822
0.114366
0.120237
0.0960892
0.0920447
0.0884818
0.0854226
0.0828885
0.0809003
0.0794805
0.0786556
0.0784582
0.0789268
0.0801041
0.0820335
0.0847542
0.0882959
0.092673
0.0978781
0.103872
0.110551
0.117618
0.123934
0.0960893
0.092045
0.0884829
0.0854254
0.0828947
0.0809127
0.0795038
0.0786968
0.0785274
0.0790381
0.0802762
0.0822904
0.0851252
0.0888156
0.0933798
0.098813
0.105076
0.112059
0.119446
0.126038
0.0960893
0.0920451
0.0884832
0.0854262
0.0828965
0.0809166
0.0795113
0.0787106
0.0785515
0.0790784
0.0803407
0.0823897
0.0852729
0.0890276
0.0936748
0.0992111
0.105597
0.112722
0.12026
0.126983
0.0960893
0.0920451
0.0884832
0.0854262
0.0828965
0.0809166
0.0795113
0.0787106
0.0785515
0.0790784
0.0803407
0.0823897
0.0852729
0.0890276
0.0936748
0.0992111
0.105597
0.112722
0.12026
0.126982
0.0960893
0.092045
0.0884829
0.0854254
0.0828947
0.0809127
0.0795038
0.0786968
0.0785274
0.0790381
0.0802762
0.0822904
0.0851252
0.0888155
0.0933798
0.098813
0.105075
0.112059
0.119445
0.126037
0.0960892
0.0920447
0.0884818
0.0854226
0.0828885
0.0809003
0.0794805
0.0786556
0.0784582
0.0789268
0.0801041
0.0820335
0.0847542
0.0882959
0.092673
0.097878
0.103872
0.110551
0.117617
0.123933
0.096089
0.0920435
0.088478
0.0854132
0.0828689
0.080863
0.0794147
0.078546
0.0782841
0.0786611
0.0797127
0.0814746
0.0839787
0.0872484
0.0912933
0.0961044
0.101645
0.107821
0.114365
0.120235
0.096088
0.0920385
0.0884635
0.0853805
0.0828052
0.0807506
0.0792302
0.0782595
0.0778582
0.0780504
0.0788629
0.0803228
0.0824544
0.0852747
0.0887904
0.0929927
0.0978506
0.103287
0.109073
0.114302
0.0960836
0.0920172
0.0884067
0.0852633
0.0825963
0.0804127
0.0787198
0.0775266
0.0768458
0.0766934
0.0770882
0.0780497
0.0795955
0.0817385
0.0844843
0.0878274
0.0917457
0.0961817
0.100958
0.105336
0.0960611
0.0919228
0.0881832
0.0848488
0.0819283
0.0794303
0.0773624
0.0757324
0.0745492
0.0738236
0.073568
0.0737955
0.0745183
0.0757461
0.0774841
0.0797307
0.0824732
0.0856747
0.089213
0.0925452
0.0959379
0.0914774
0.0872869
0.0834081
0.0798769
0.0767205
0.073957
0.071597
0.0696469
0.0681111
0.0669932
0.0662973
0.0660271
0.0661859
0.0667752
0.0677932
0.0692326
0.0710725
0.0732408
0.0754003
0.0952125
0.0894087
0.0837913
0.0785512
0.073765
0.0694758
0.0656898
0.0623921
0.0595594
0.0571678
0.0551952
0.0536225
0.052434
0.0516171
0.0511612
0.0510571
0.0512945
0.0518598
0.0527169
0.0537153
0.088419
0.0769943
0.0680998
0.0609821
0.0551727
0.0503507
0.0462985
0.042862
0.0399288
0.0374148
0.0352559
0.0334026
0.0318166
0.0304678
0.0293331
0.0283943
0.0276375
0.0270513
0.026626
0.0263441
0.088418
0.0769888
0.0680847
0.0609503
0.0551148
0.0502558
0.0461536
0.0426525
0.0396382
0.0370243
0.0347446
0.0327468
0.03099
0.0294409
0.0280732
0.0268653
0.0257998
0.0248625
0.0240425
0.0233376
0.0951988
0.0893496
0.0836453
0.0782675
0.0732862
0.0687392
0.0646274
0.0609306
0.05762
0.0546651
0.0520369
0.0497091
0.0476588
0.0458665
0.0443164
0.0429955
0.0418935
0.041002
0.0403113
0.0398237
0.0959118
0.0913636
0.0870033
0.0828556
0.0789455
0.0752935
0.071913
0.0688101
0.0659853
0.063436
0.0611577
0.0591455
0.0573945
0.055901
0.0546623
0.0536765
0.0529427
0.0524586
0.052213
0.0521608
0.0960294
0.0917829
0.087829
0.0841476
0.0807298
0.077573
0.0746768
0.0720414
0.0696673
0.067555
0.0657054
0.0641201
0.0628019
0.0617543
0.0609822
0.0604908
0.0602851
0.0603657
0.0607126
0.0612058
0.0960498
0.0918674
0.0880236
0.0844969
0.0812723
0.0783399
0.0756928
0.0733272
0.0712412
0.0694348
0.0679103
0.0666717
0.0657252
0.0650788
0.0647416
0.0647238
0.0650337
0.0656726
0.0666068
0.0676338
0.0960536
0.0918853
0.0880699
0.0845889
0.0814294
0.0785823
0.0760419
0.0738047
0.0718696
0.0702381
0.0689141
0.0679043
0.0672179
0.0668664
0.0668631
0.0672218
0.0679539
0.06906
0.0704929
0.0719743
0.0960544
0.0918892
0.0880809
0.0846125
0.081473
0.0786553
0.0761554
0.0739721
0.0721063
0.0705619
0.0693456
0.0684671
0.0679391
0.0677771
0.0679983
0.0686203
0.0696578
0.0711111
0.072922
0.0747511
0.0960545
0.0918901
0.0880836
0.0846187
0.0814851
0.0786769
0.0761915
0.0740289
0.0721922
0.0706873
0.0695234
0.0687131
0.0682723
0.0682201
0.0685773
0.0693653
0.0706017
0.0722879
0.0743576
0.0764278
0.0960546
0.0918903
0.0880843
0.0846204
0.0814886
0.0786835
0.0762029
0.074048
0.0722227
0.0707345
0.0695941
0.0688162
0.068419
0.068424
0.0688551
0.0697364
0.0710881
0.0729126
0.075139
0.077357
0.0960546
0.0918904
0.0880845
0.0846209
0.0814896
0.0786853
0.0762063
0.0740538
0.0722325
0.0707503
0.0696187
0.0688535
0.0684739
0.068503
0.0689659
0.0698884
0.0712921
0.07318
0.0754794
0.0777667
0.0960546
0.0918904
0.0880845
0.0846209
0.0814896
0.0786853
0.0762063
0.0740538
0.0722325
0.0707503
0.0696187
0.0688535
0.0684739
0.0685029
0.0689659
0.0698884
0.0712921
0.07318
0.0754793
0.0777666
0.0960546
0.0918903
0.0880843
0.0846204
0.0814886
0.0786835
0.0762029
0.074048
0.0722227
0.0707345
0.0695941
0.0688162
0.0684189
0.068424
0.068855
0.0697364
0.0710881
0.0729125
0.0751389
0.0773567
0.0960545
0.0918901
0.0880836
0.0846187
0.0814851
0.0786769
0.0761915
0.0740289
0.0721922
0.0706873
0.0695234
0.0687131
0.0682723
0.0682201
0.0685773
0.0693653
0.0706016
0.0722877
0.0743574
0.0764274
0.0960544
0.0918892
0.0880809
0.0846125
0.081473
0.0786553
0.0761554
0.0739721
0.0721063
0.0705619
0.0693456
0.0684671
0.0679391
0.0677771
0.0679983
0.0686203
0.0696576
0.0711109
0.0729217
0.0747506
0.0960536
0.0918853
0.0880699
0.0845889
0.0814294
0.0785823
0.0760419
0.0738047
0.0718696
0.0702381
0.0689141
0.0679043
0.0672179
0.0668664
0.0668631
0.0672217
0.0679538
0.0690598
0.0704925
0.0719737
0.0960498
0.0918674
0.0880236
0.0844969
0.0812723
0.0783399
0.0756928
0.0733272
0.0712412
0.0694348
0.0679103
0.0666717
0.0657252
0.0650787
0.0647416
0.0647237
0.0650336
0.0656724
0.0666064
0.0676332
0.0960294
0.0917829
0.087829
0.0841476
0.0807298
0.077573
0.0746768
0.0720414
0.0696673
0.067555
0.0657054
0.0641201
0.0628018
0.0617543
0.0609822
0.0604907
0.060285
0.0603655
0.0607123
0.0612053
0.0959118
0.0913636
0.0870033
0.0828556
0.0789455
0.0752935
0.071913
0.0688101
0.0659853
0.063436
0.0611577
0.0591455
0.0573945
0.055901
0.0546623
0.0536765
0.0529426
0.0524585
0.0522128
0.0521605
0.0951988
0.0893496
0.0836453
0.0782675
0.0732862
0.0687392
0.0646274
0.0609306
0.05762
0.0546651
0.0520369
0.0497091
0.0476588
0.0458665
0.0443164
0.0429955
0.0418934
0.0410019
0.0403112
0.0398235
0.088418
0.0769888
0.0680847
0.0609503
0.0551148
0.0502558
0.0461536
0.0426525
0.0396382
0.0370243
0.0347446
0.0327468
0.03099
0.0294409
0.0280732
0.0268653
0.0257998
0.0248625
0.0240425
0.0233376
0.0884178
0.076988
0.0680823
0.0609447
0.0551041
0.0502375
0.0461245
0.0426089
0.0395755
0.0369375
0.0346277
0.0325932
0.0307921
0.0291902
0.02776
0.0264788
0.0253279
0.0242917
0.0233581
0.0225281
0.0951969
0.0893408
0.083622
0.0782192
0.0731996
0.0685985
0.0644143
0.0606245
0.0571977
0.0541008
0.051302
0.0487719
0.0464842
0.0444158
0.0425469
0.0408605
0.039342
0.03798
0.036766
0.0357454
0.0959078
0.0913449
0.0869533
0.0827513
0.0787583
0.0749902
0.0714565
0.0681596
0.0650969
0.0622623
0.0596477
0.057244
0.055042
0.0530328
0.0512084
0.0495616
0.0480861
0.0467771
0.045634
0.0447126
0.0960243
0.0917588
0.0877634
0.0840082
0.0804758
0.077156
0.0740425
0.0711304
0.0684153
0.0658933
0.0635605
0.0614131
0.0594477
0.0576613
0.0560516
0.0546169
0.0533561
0.0522687
0.0513564
0.05066
0.0960443
0.091841
0.0879509
0.0843409
0.0809847
0.0778625
0.074959
0.0722629
0.0697657
0.0674607
0.0653434
0.0634103
0.0616592
0.0600893
0.0587005
0.0574939
0.0564713
0.0556342
0.0549829
0.0545308
0.0960479
0.091858
0.0879946
0.0844262
0.0811274
0.0780775
0.0752602
0.0726627
0.0702749
0.0680893
0.0661006
0.0643054
0.062702
0.0612902
0.0600715
0.0590486
0.058225
0.0576034
0.0571811
0.0569427
0.0960486
0.0918616
0.0880046
0.0844473
0.0811653
0.0781391
0.0753528
0.0727942
0.0704536
0.0683239
0.0664003
0.0646799
0.0631621
0.0618477
0.0607395
0.0598417
0.0591593
0.0586962
0.0584467
0.0583713
0.0960488
0.0918624
0.088007
0.0844526
0.0811754
0.0781563
0.0753802
0.0728354
0.070513
0.0684066
0.0665121
0.0648278
0.0633538
0.0620924
0.0610475
0.060225
0.0596314
0.0592715
0.0591377
0.0591732
0.0960488
0.0918626
0.0880076
0.084454
0.0811781
0.0781611
0.0753882
0.072848
0.0705321
0.0684346
0.0665521
0.0648835
0.0634297
0.0621941
0.0611817
0.0603994
0.0598551
0.0595543
0.0594887
0.0595905
0.0960488
0.0918627
0.0880077
0.0844544
0.0811788
0.0781624
0.0753904
0.0728516
0.0705377
0.0684431
0.0665647
0.0649018
0.0634558
0.0622304
0.0612313
0.0604661
0.0599432
0.0596689
0.0596343
0.0597666
0.0960488
0.0918627
0.0880077
0.0844544
0.0811788
0.0781624
0.0753904
0.0728516
0.0705377
0.0684431
0.0665647
0.0649018
0.0634558
0.0622304
0.0612313
0.0604661
0.0599432
0.0596689
0.0596343
0.0597666
0.0960488
0.0918626
0.0880076
0.084454
0.0811781
0.0781611
0.0753882
0.072848
0.0705321
0.0684346
0.0665521
0.0648835
0.0634297
0.0621941
0.0611817
0.0603994
0.059855
0.0595543
0.0594886
0.0595904
0.0960488
0.0918624
0.088007
0.0844526
0.0811754
0.0781563
0.0753802
0.0728354
0.070513
0.0684066
0.0665121
0.0648278
0.0633538
0.0620924
0.0610475
0.060225
0.0596314
0.0592714
0.0591376
0.0591731
0.0960486
0.0918616
0.0880046
0.0844473
0.0811653
0.0781391
0.0753528
0.0727942
0.0704536
0.0683239
0.0664003
0.0646799
0.0631621
0.0618477
0.0607394
0.0598416
0.0591593
0.0586961
0.0584466
0.0583711
0.0960479
0.091858
0.0879946
0.0844262
0.0811274
0.0780775
0.0752602
0.0726627
0.0702749
0.0680893
0.0661006
0.0643054
0.062702
0.0612902
0.0600715
0.0590486
0.0582249
0.0576033
0.0571809
0.0569424
0.0960443
0.091841
0.0879509
0.0843409
0.0809847
0.0778625
0.074959
0.0722629
0.0697657
0.0674607
0.0653434
0.0634103
0.0616592
0.0600893
0.0587005
0.0574939
0.0564712
0.0556341
0.0549827
0.0545306
0.0960243
0.0917588
0.0877634
0.0840082
0.0804758
0.077156
0.0740425
0.0711304
0.0684153
0.0658933
0.0635605
0.0614131
0.0594477
0.0576613
0.0560516
0.0546169
0.0533561
0.0522686
0.0513563
0.0506598
0.0959078
0.0913449
0.0869533
0.0827513
0.0787583
0.0749902
0.0714565
0.0681596
0.0650969
0.0622623
0.0596477
0.057244
0.055042
0.0530328
0.0512084
0.0495615
0.0480861
0.0467771
0.0456339
0.0447125
0.0951969
0.0893408
0.083622
0.0782192
0.0731996
0.0685985
0.0644143
0.0606245
0.0571977
0.0541008
0.051302
0.0487719
0.0464842
0.0444158
0.0425469
0.0408605
0.039342
0.03798
0.036766
0.0357453
0.0884178
0.076988
0.0680823
0.0609447
0.0551041
0.0502375
0.0461245
0.0426089
0.0395755
0.0369375
0.0346277
0.0325932
0.0307921
0.0291902
0.02776
0.0264788
0.0253279
0.0242917
0.0233581
0.0225281
0.0884178
0.0769878
0.0680818
0.0609435
0.0551019
0.0502335
0.0461182
0.0425991
0.0395612
0.0369172
0.0345997
0.0325556
0.0307426
0.0291264
0.0276788
0.026377
0.0252018
0.0241371
0.0231704
0.0223035
0.0951966
0.0893394
0.0836181
0.0782107
0.0731836
0.0685711
0.0643709
0.0605594
0.0571043
0.0539717
0.0511285
0.0485443
0.0461915
0.0440459
0.0420859
0.0402932
0.0386514
0.0371474
0.035772
0.0345817
0.0959071
0.0913418
0.0869443
0.0827315
0.0787208
0.0749264
0.0713558
0.0680099
0.0648844
0.0619714
0.0592611
0.0567428
0.0544052
0.0522375
0.0502294
0.0483712
0.0466543
0.0450716
0.0436242
0.0423996
0.0960234
0.0917546
0.0877511
0.0839806
0.0804226
0.077064
0.0738956
0.0709099
0.0680999
0.0654593
0.0629818
0.060661
0.058491
0.056466
0.0545807
0.0528302
0.0512101
0.0497178
0.0483602
0.0472329
0.0960433
0.0918362
0.087937
0.0843092
0.080923
0.0777544
0.0747845
0.0719983
0.0693835
0.0669303
0.0646306
0.0624777
0.0604659
0.0585906
0.0568478
0.0552344
0.0537482
0.0523883
0.0511637
0.0501644
0.0960469
0.0918531
0.08798
0.0843928
0.0810618
0.0779619
0.0750721
0.072375
0.0698562
0.0675039
0.0653083
0.0632617
0.0613578
0.0595917
0.0579597
0.0564593
0.0550888
0.0538483
0.0527466
0.0518633
0.0960476
0.0918566
0.0879897
0.0844132
0.0810982
0.0780202
0.0751586
0.0724958
0.0700171
0.0677104
0.0655656
0.0635747
0.0617311
0.0600301
0.058468
0.0570428
0.0557532
0.0545997
0.0535902
0.0527943
0.0960478
0.0918574
0.087992
0.0844183
0.0811077
0.0780362
0.0751835
0.0725324
0.0700685
0.0677799
0.0656567
0.063691
0.0618767
0.0602091
0.0586852
0.0573031
0.0560621
0.0549632
0.0540136
0.0532752
0.0960478
0.0918575
0.0879926
0.0844196
0.0811102
0.0780405
0.0751905
0.0725431
0.0700842
0.067802
0.0656871
0.0637317
0.0619299
0.0602776
0.058772
0.0574115
0.0561962
0.0551271
0.0542114
0.0535061
0.0960478
0.0918576
0.0879928
0.08442
0.0811109
0.0780417
0.0751923
0.072546
0.0700885
0.0678084
0.0656961
0.0637442
0.0619469
0.0603003
0.0588017
0.05745
0.0562453
0.0551891
0.0542881
0.0535976
0.0960478
0.0918576
0.0879928
0.08442
0.0811109
0.0780417
0.0751923
0.072546
0.0700885
0.0678084
0.0656961
0.0637442
0.0619469
0.0603003
0.0588017
0.05745
0.0562453
0.0551891
0.0542881
0.0535975
0.0960478
0.0918575
0.0879926
0.0844196
0.0811102
0.0780405
0.0751905
0.0725431
0.0700842
0.067802
0.0656871
0.0637317
0.0619299
0.0602776
0.058772
0.0574115
0.0561962
0.0551271
0.0542114
0.053506
0.0960478
0.0918574
0.087992
0.0844183
0.0811077
0.0780362
0.0751835
0.0725324
0.0700685
0.0677799
0.0656567
0.063691
0.0618767
0.0602091
0.0586852
0.057303
0.0560621
0.0549632
0.0540136
0.0532752
0.0960476
0.0918566
0.0879897
0.0844132
0.0810982
0.0780202
0.0751586
0.0724958
0.0700171
0.0677104
0.0655656
0.0635747
0.0617311
0.0600301
0.058468
0.0570428
0.0557531
0.0545996
0.0535902
0.0527942
0.0960469
0.0918531
0.08798
0.0843928
0.0810618
0.0779619
0.0750721
0.072375
0.0698562
0.0675039
0.0653083
0.0632617
0.0613578
0.0595917
0.0579597
0.0564592
0.0550888
0.0538483
0.0527466
0.0518632
0.0960433
0.0918362
0.087937
0.0843092
0.080923
0.0777544
0.0747845
0.0719983
0.0693835
0.0669303
0.0646306
0.0624777
0.0604659
0.0585906
0.0568478
0.0552344
0.0537481
0.0523882
0.0511636
0.0501644
0.0960234
0.0917546
0.0877511
0.0839806
0.0804226
0.077064
0.0738956
0.0709099
0.0680999
0.0654593
0.0629818
0.060661
0.058491
0.056466
0.0545807
0.0528302
0.0512101
0.0497178
0.0483601
0.0472329
0.0959071
0.0913418
0.0869443
0.0827315
0.0787208
0.0749264
0.0713558
0.0680099
0.0648844
0.0619714
0.0592611
0.0567428
0.0544052
0.0522375
0.0502294
0.0483712
0.0466543
0.0450716
0.0436242
0.0423996
0.0951966
0.0893394
0.0836181
0.0782107
0.0731836
0.0685711
0.0643709
0.0605594
0.0571043
0.0539717
0.0511285
0.0485443
0.0461915
0.0440459
0.0420859
0.0402932
0.0386514
0.0371474
0.035772
0.0345817
0.0884178
0.0769878
0.0680818
0.0609435
0.0551019
0.0502335
0.0461182
0.0425991
0.0395612
0.0369172
0.0345997
0.0325556
0.0307426
0.0291264
0.0276788
0.026377
0.0252018
0.0241371
0.0231704
0.0223035
0.0884178
0.0769878
0.0680816
0.0609431
0.0551012
0.0502324
0.0461165
0.0425966
0.0395575
0.036912
0.0345925
0.0325459
0.0307297
0.0291095
0.0276571
0.0263493
0.0251671
0.024094
0.0231175
0.0222395
0.0951965
0.0893392
0.0836174
0.0782092
0.0731805
0.0685656
0.0643618
0.0605453
0.0570834
0.0539418
0.0510871
0.0484884
0.0461178
0.0439505
0.0419646
0.0401409
0.0384627
0.0369161
0.0354917
0.0342489
0.095907
0.0913412
0.0869427
0.0827277
0.0787133
0.074913
0.0713338
0.0679759
0.0648342
0.0619003
0.0591637
0.0566128
0.0542356
0.0520205
0.0499562
0.0480321
0.0462385
0.0445674
0.0430199
0.0416935
0.0960233
0.0917538
0.0877487
0.0839751
0.0804115
0.0770439
0.0738622
0.0708576
0.0680223
0.0653488
0.0628295
0.0604572
0.0582246
0.0561248
0.0541511
0.0522972
0.0505575
0.0489279
0.0474167
0.0461376
0.0960432
0.0918353
0.0879343
0.0843028
0.0809098
0.0777303
0.0747438
0.071934
0.069287
0.0667916
0.064438
0.062218
0.0601244
0.0581506
0.0562912
0.0545411
0.0528961
0.0513543
0.0499267
0.0487302
0.0960468
0.0918521
0.0879771
0.0843859
0.0810476
0.0779357
0.0750276
0.0723042
0.0697491
0.0673486
0.0650911
0.0629667
0.0609671
0.0590853
0.0573152
0.0556521
0.0540919
0.0526332
0.0512879
0.0501692
0.0960474
0.0918556
0.0879868
0.0844062
0.0810836
0.0779932
0.0751124
0.0724218
0.0699047
0.0675466
0.0653352
0.06326
0.0613121
0.059484
0.0577695
0.0561634
0.0546619
0.0532635
0.05198
0.0509197
0.0960476
0.0918564
0.0879891
0.0844112
0.0810929
0.0780088
0.0751366
0.0724571
0.0699537
0.067612
0.0654197
0.0633663
0.0614428
0.0596415
0.0579562
0.0563819
0.0549146
0.0535529
0.0523085
0.0512855
0.0960476
0.0918566
0.0879897
0.0844125
0.0810954
0.078013
0.0751433
0.0724673
0.0699683
0.0676324
0.0654472
0.0634023
0.0614888
0.0596992
0.0580274
0.0564683
0.0550182
0.0536759
0.0524527
0.0514503
0.0960476
0.0918566
0.0879898
0.0844128
0.0810961
0.0780142
0.0751451
0.07247
0.0699723
0.0676381
0.0654551
0.063413
0.061503
0.0597176
0.0580507
0.0564975
0.0550543
0.0537199
0.0525057
0.0515122
0.0960476
0.0918566
0.0879898
0.0844128
0.0810961
0.0780142
0.0751451
0.07247
0.0699723
0.0676381
0.0654551
0.063413
0.061503
0.0597176
0.0580507
0.0564975
0.0550543
0.0537199
0.0525057
0.0515122
0.0960476
0.0918566
0.0879897
0.0844125
0.0810954
0.078013
0.0751433
0.0724673
0.0699683
0.0676324
0.0654472
0.0634023
0.0614888
0.0596992
0.0580274
0.0564683
0.0550182
0.0536759
0.0524527
0.0514503
0.0960476
0.0918564
0.0879891
0.0844112
0.0810929
0.0780088
0.0751366
0.0724571
0.0699537
0.067612
0.0654197
0.0633663
0.0614428
0.0596415
0.0579562
0.0563819
0.0549145
0.0535529
0.0523085
0.0512855
0.0960474
0.0918556
0.0879868
0.0844062
0.0810836
0.0779932
0.0751124
0.0724218
0.0699047
0.0675466
0.0653352
0.06326
0.0613121
0.059484
0.0577695
0.0561634
0.0546619
0.0532635
0.05198
0.0509196
0.0960468
0.0918521
0.0879771
0.0843859
0.0810476
0.0779357
0.0750276
0.0723042
0.0697491
0.0673486
0.0650911
0.0629667
0.0609671
0.0590853
0.0573152
0.0556521
0.0540919
0.0526332
0.0512879
0.0501692
0.0960432
0.0918353
0.0879343
0.0843028
0.0809098
0.0777303
0.0747438
0.071934
0.069287
0.0667916
0.064438
0.062218
0.0601244
0.0581506
0.0562912
0.0545411
0.0528961
0.0513543
0.0499267
0.0487301
0.0960233
0.0917538
0.0877487
0.0839751
0.0804115
0.0770439
0.0738622
0.0708576
0.0680223
0.0653488
0.0628295
0.0604572
0.0582246
0.0561248
0.0541511
0.0522972
0.0505575
0.0489279
0.0474167
0.0461376
0.095907
0.0913412
0.0869427
0.0827277
0.0787133
0.074913
0.0713338
0.0679759
0.0648342
0.0619003
0.0591637
0.0566128
0.0542356
0.0520205
0.0499562
0.0480321
0.0462385
0.0445674
0.0430199
0.0416934
0.0951965
0.0893392
0.0836174
0.0782092
0.0731805
0.0685656
0.0643618
0.0605453
0.0570834
0.0539418
0.0510871
0.0484884
0.0461178
0.0439505
0.0419646
0.0401409
0.0384627
0.0369161
0.0354917
0.0342489
0.0884178
0.0769878
0.0680816
0.0609431
0.0551012
0.0502324
0.0461165
0.0425966
0.0395575
0.036912
0.0345925
0.0325459
0.0307297
0.0291095
0.0276571
0.0263493
0.0251671
0.024094
0.0231175
0.0222395
0.0884178
0.0769877
0.0680815
0.060943
0.0551009
0.0502321
0.046116
0.0425959
0.0395565
0.0369106
0.0345907
0.0325434
0.0307264
0.0291051
0.0276514
0.0263421
0.0251579
0.0240826
0.0231034
0.0222222
0.0951965
0.0893391
0.0836173
0.0782089
0.0731799
0.0685645
0.06436
0.0605423
0.0570789
0.0539351
0.0510776
0.0484753
0.0461002
0.0439272
0.0419344
0.0401023
0.0384141
0.0368556
0.0354173
0.0341595
0.095907
0.0913411
0.0869423
0.0827269
0.0787118
0.0749103
0.0713292
0.0679685
0.064823
0.061884
0.0591407
0.0565814
0.0541936
0.0519656
0.0498856
0.0479429
0.0461272
0.0444303
0.0428533
0.0414962
0.0960233
0.0917536
0.0877483
0.083974
0.0804092
0.0770397
0.073855
0.0708459
0.0680045
0.0653226
0.0627924
0.0604063
0.0581564
0.0560355
0.0540364
0.0521523
0.0503769
0.0487058
0.0471474
0.0458209
0.0960431
0.0918351
0.0879338
0.0843015
0.0809071
0.0777251
0.0747349
0.0719193
0.0692643
0.066758
0.0643901
0.0621517
0.060035
0.0580329
0.0561392
0.0543482
0.0526549
0.0510567
0.0495654
0.0483056
0.0960467
0.0918519
0.0879766
0.0843846
0.0810447
0.0779301
0.0750177
0.0722879
0.0697236
0.0673106
0.0650364
0.0628904
0.0608636
0.058948
0.0571369
0.0554244
0.0538057
0.0522786
0.0508557
0.0496606
0.0960474
0.0918554
0.0879862
0.0844047
0.0810806
0.0779874
0.0751021
0.0724047
0.0698778
0.0675062
0.0652767
0.0631781
0.0612003
0.059335
0.0575748
0.0559136
0.0543463
0.0528706
0.0514992
0.0503526
0.0960475
0.0918562
0.0879885
0.0844097
0.0810899
0.0780029
0.0751261
0.0724396
0.0699261
0.0675705
0.0653595
0.0632815
0.0613266
0.0594861
0.0577524
0.0561193
0.0545815
0.0531368
0.0517975
0.0506814
0.0960476
0.0918564
0.0879891
0.084411
0.0810923
0.0780071
0.0751327
0.0724496
0.0699405
0.0675904
0.0653861
0.0633162
0.0613706
0.0595406
0.0578189
0.056199
0.0546759
0.053247
0.0519249
0.0508252
0.0960476
0.0918564
0.0879892
0.0844114
0.081093
0.0780082
0.0751345
0.0724523
0.0699444
0.0675959
0.0653937
0.0633264
0.0613839
0.0595577
0.0578403
0.0562254
0.054708
0.0532855
0.0519705
0.0508778
0.0960476
0.0918564
0.0879892
0.0844114
0.081093
0.0780082
0.0751345
0.0724523
0.0699444
0.0675959
0.0653937
0.0633264
0.0613839
0.0595577
0.0578403
0.0562254
0.054708
0.0532855
0.0519705
0.0508778
0.0960476
0.0918564
0.0879891
0.084411
0.0810923
0.0780071
0.0751327
0.0724496
0.0699405
0.0675904
0.0653861
0.0633162
0.0613706
0.0595406
0.0578189
0.056199
0.0546759
0.053247
0.0519249
0.0508252
0.0960475
0.0918562
0.0879885
0.0844097
0.0810899
0.0780029
0.0751261
0.0724396
0.0699261
0.0675705
0.0653595
0.0632815
0.0613266
0.0594861
0.0577524
0.0561193
0.0545815
0.0531368
0.0517975
0.0506814
0.0960474
0.0918554
0.0879862
0.0844047
0.0810806
0.0779874
0.0751021
0.0724047
0.0698778
0.0675062
0.0652767
0.0631781
0.0612003
0.059335
0.0575748
0.0559136
0.0543463
0.0528706
0.0514992
0.0503526
0.0960467
0.0918519
0.0879766
0.0843846
0.0810447
0.0779301
0.0750177
0.0722879
0.0697236
0.0673106
0.0650364
0.0628904
0.0608636
0.058948
0.0571369
0.0554244
0.0538057
0.0522786
0.0508557
0.0496606
0.0960431
0.0918351
0.0879338
0.0843015
0.0809071
0.0777251
0.0747349
0.0719193
0.0692643
0.066758
0.0643901
0.0621517
0.060035
0.0580329
0.0561392
0.0543482
0.0526549
0.0510567
0.0495654
0.0483056
0.0960233
0.0917536
0.0877483
0.083974
0.0804092
0.0770397
0.073855
0.0708459
0.0680045
0.0653226
0.0627924
0.0604063
0.0581564
0.0560355
0.0540364
0.0521523
0.0503769
0.0487058
0.0471474
0.0458209
0.095907
0.0913411
0.0869423
0.0827269
0.0787118
0.0749103
0.0713292
0.0679685
0.064823
0.061884
0.0591407
0.0565814
0.0541936
0.0519656
0.0498856
0.0479429
0.0461272
0.0444303
0.0428533
0.0414962
0.0951965
0.0893391
0.0836173
0.0782089
0.0731799
0.0685645
0.06436
0.0605423
0.0570789
0.0539351
0.0510776
0.0484753
0.0461002
0.0439272
0.0419344
0.0401023
0.0384141
0.0368556
0.0354173
0.0341595
0.0884178
0.0769877
0.0680815
0.060943
0.0551009
0.0502321
0.046116
0.0425959
0.0395565
0.0369106
0.0345907
0.0325434
0.0307264
0.0291051
0.0276514
0.0263421
0.0251579
0.0240826
0.0231034
0.0222222
0.0884178
0.0769877
0.0680815
0.060943
0.0551009
0.0502321
0.046116
0.0425959
0.0395565
0.0369106
0.0345907
0.0325434
0.0307264
0.0291051
0.0276514
0.0263421
0.0251579
0.0240826
0.0231034
0.0222222
0.0951965
0.0893391
0.0836173
0.0782089
0.0731799
0.0685645
0.06436
0.0605423
0.0570789
0.0539351
0.0510776
0.0484753
0.0461002
0.0439272
0.0419344
0.0401023
0.0384141
0.0368556
0.0354173
0.0341595
0.095907
0.0913411
0.0869423
0.0827269
0.0787118
0.0749103
0.0713292
0.0679685
0.064823
0.061884
0.0591407
0.0565814
0.0541936
0.0519656
0.0498856
0.0479429
0.0461272
0.0444303
0.0428533
0.0414962
0.0960233
0.0917536
0.0877483
0.083974
0.0804092
0.0770397
0.073855
0.0708459
0.0680045
0.0653226
0.0627924
0.0604063
0.0581564
0.0560355
0.0540364
0.0521523
0.0503769
0.0487058
0.0471474
0.0458209
0.0960431
0.0918351
0.0879338
0.0843015
0.0809071
0.0777251
0.0747349
0.0719193
0.0692643
0.066758
0.0643901
0.0621517
0.060035
0.0580329
0.0561392
0.0543482
0.0526549
0.0510567
0.0495654
0.0483056
0.0960467
0.0918519
0.0879766
0.0843846
0.0810447
0.0779301
0.0750177
0.0722879
0.0697236
0.0673106
0.0650364
0.0628904
0.0608636
0.058948
0.0571369
0.0554244
0.0538057
0.0522786
0.0508557
0.0496607
0.0960474
0.0918554
0.0879862
0.0844047
0.0810806
0.0779874
0.0751021
0.0724047
0.0698778
0.0675062
0.0652767
0.0631781
0.0612003
0.059335
0.0575748
0.0559136
0.0543463
0.0528706
0.0514992
0.0503526
0.0960475
0.0918562
0.0879885
0.0844097
0.0810899
0.0780029
0.0751261
0.0724396
0.0699261
0.0675705
0.0653595
0.0632815
0.0613266
0.0594861
0.0577524
0.0561193
0.0545815
0.0531368
0.0517975
0.0506814
0.0960476
0.0918564
0.0879891
0.084411
0.0810923
0.0780071
0.0751327
0.0724496
0.0699405
0.0675904
0.0653861
0.0633162
0.0613706
0.0595406
0.0578189
0.056199
0.0546759
0.053247
0.0519249
0.0508253
0.0960476
0.0918564
0.0879892
0.0844114
0.081093
0.0780082
0.0751345
0.0724523
0.0699444
0.0675959
0.0653937
0.0633264
0.0613839
0.0595577
0.0578403
0.0562254
0.054708
0.0532855
0.0519705
0.0508778
0.0960476
0.0918564
0.0879892
0.0844114
0.081093
0.0780082
0.0751345
0.0724523
0.0699444
0.0675959
0.0653937
0.0633264
0.0613839
0.0595577
0.0578403
0.0562254
0.054708
0.0532855
0.0519705
0.0508778
0.0960476
0.0918564
0.0879891
0.084411
0.0810923
0.0780071
0.0751327
0.0724496
0.0699405
0.0675904
0.0653861
0.0633162
0.0613706
0.0595406
0.0578189
0.056199
0.0546759
0.053247
0.0519249
0.0508253
0.0960475
0.0918562
0.0879885
0.0844097
0.0810899
0.0780029
0.0751261
0.0724396
0.0699261
0.0675705
0.0653595
0.0632815
0.0613266
0.0594861
0.0577524
0.0561193
0.0545815
0.0531368
0.0517975
0.0506814
0.0960474
0.0918554
0.0879862
0.0844047
0.0810806
0.0779874
0.0751021
0.0724047
0.0698778
0.0675062
0.0652767
0.0631781
0.0612003
0.059335
0.0575748
0.0559136
0.0543463
0.0528706
0.0514992
0.0503526
0.0960467
0.0918519
0.0879766
0.0843846
0.0810447
0.0779301
0.0750177
0.0722879
0.0697236
0.0673106
0.0650364
0.0628904
0.0608636
0.058948
0.0571369
0.0554244
0.0538057
0.0522786
0.0508557
0.0496607
0.0960431
0.0918351
0.0879338
0.0843015
0.0809071
0.0777251
0.0747349
0.0719193
0.0692643
0.066758
0.0643901
0.0621517
0.060035
0.0580329
0.0561392
0.0543482
0.0526549
0.0510567
0.0495654
0.0483056
0.0960233
0.0917536
0.0877483
0.083974
0.0804092
0.0770397
0.073855
0.0708459
0.0680045
0.0653226
0.0627924
0.0604063
0.0581564
0.0560355
0.0540364
0.0521523
0.0503769
0.0487058
0.0471474
0.0458209
0.095907
0.0913411
0.0869423
0.0827269
0.0787118
0.0749103
0.0713292
0.0679685
0.064823
0.061884
0.0591407
0.0565814
0.0541936
0.0519656
0.0498856
0.0479429
0.0461272
0.0444303
0.0428533
0.0414962
0.0951965
0.0893391
0.0836173
0.0782089
0.0731799
0.0685645
0.06436
0.0605423
0.0570789
0.0539351
0.0510776
0.0484753
0.0461002
0.0439272
0.0419344
0.0401023
0.0384141
0.0368556
0.0354173
0.0341595
0.0884178
0.0769877
0.0680815
0.060943
0.0551009
0.0502321
0.046116
0.0425959
0.0395565
0.0369106
0.0345907
0.0325434
0.0307264
0.0291051
0.0276514
0.0263421
0.0251579
0.0240826
0.0231034
0.0222222
0.0884178
0.0769878
0.0680816
0.0609431
0.0551012
0.0502324
0.0461165
0.0425966
0.0395575
0.036912
0.0345925
0.0325459
0.0307297
0.0291095
0.0276571
0.0263493
0.0251671
0.024094
0.0231175
0.0222395
0.0951965
0.0893392
0.0836174
0.0782092
0.0731805
0.0685656
0.0643618
0.0605453
0.0570834
0.0539418
0.0510871
0.0484884
0.0461178
0.0439505
0.0419646
0.0401409
0.0384627
0.0369161
0.0354917
0.0342489
0.095907
0.0913412
0.0869427
0.0827277
0.0787133
0.074913
0.0713338
0.0679759
0.0648342
0.0619003
0.0591637
0.0566128
0.0542356
0.0520205
0.0499562
0.0480321
0.0462385
0.0445674
0.0430199
0.0416935
0.0960233
0.0917538
0.0877487
0.0839751
0.0804115
0.0770439
0.0738622
0.0708576
0.0680223
0.0653488
0.0628295
0.0604572
0.0582246
0.0561248
0.0541511
0.0522972
0.0505575
0.0489279
0.0474167
0.0461376
0.0960432
0.0918353
0.0879343
0.0843028
0.0809098
0.0777303
0.0747438
0.071934
0.069287
0.0667916
0.064438
0.062218
0.0601244
0.0581506
0.0562912
0.0545411
0.0528961
0.0513543
0.0499268
0.0487302
0.0960468
0.0918521
0.0879771
0.0843859
0.0810476
0.0779357
0.0750276
0.0723042
0.0697491
0.0673486
0.0650911
0.0629667
0.0609671
0.0590853
0.0573152
0.0556521
0.0540919
0.0526332
0.051288
0.0501693
0.0960474
0.0918556
0.0879868
0.0844062
0.0810836
0.0779932
0.0751124
0.0724218
0.0699047
0.0675466
0.0653352
0.06326
0.0613121
0.059484
0.0577695
0.0561634
0.0546619
0.0532635
0.05198
0.0509197
0.0960476
0.0918564
0.0879891
0.0844112
0.0810929
0.0780088
0.0751366
0.0724571
0.0699537
0.067612
0.0654197
0.0633663
0.0614428
0.0596415
0.0579562
0.0563819
0.0549146
0.0535529
0.0523085
0.0512856
0.0960476
0.0918566
0.0879897
0.0844125
0.0810954
0.078013
0.0751433
0.0724673
0.0699683
0.0676324
0.0654472
0.0634023
0.0614888
0.0596992
0.0580274
0.0564683
0.0550182
0.0536759
0.0524527
0.0514504
0.0960476
0.0918566
0.0879898
0.0844128
0.0810961
0.0780142
0.0751451
0.07247
0.0699723
0.0676381
0.0654551
0.063413
0.061503
0.0597176
0.0580507
0.0564975
0.0550543
0.0537199
0.0525057
0.0515123
0.0960476
0.0918566
0.0879898
0.0844128
0.0810961
0.0780142
0.0751451
0.07247
0.0699723
0.0676381
0.0654551
0.063413
0.061503
0.0597176
0.0580507
0.0564975
0.0550543
0.0537199
0.0525057
0.0515123
0.0960476
0.0918566
0.0879897
0.0844125
0.0810954
0.078013
0.0751433
0.0724673
0.0699683
0.0676324
0.0654472
0.0634023
0.0614888
0.0596992
0.0580274
0.0564683
0.0550182
0.0536759
0.0524527
0.0514504
0.0960476
0.0918564
0.0879891
0.0844112
0.0810929
0.0780088
0.0751366
0.0724571
0.0699537
0.067612
0.0654197
0.0633663
0.0614428
0.0596415
0.0579562
0.0563819
0.0549146
0.0535529
0.0523085
0.0512856
0.0960474
0.0918556
0.0879868
0.0844062
0.0810836
0.0779932
0.0751124
0.0724218
0.0699047
0.0675466
0.0653352
0.06326
0.0613121
0.059484
0.0577695
0.0561634
0.0546619
0.0532635
0.05198
0.0509197
0.0960468
0.0918521
0.0879771
0.0843859
0.0810476
0.0779357
0.0750276
0.0723042
0.0697491
0.0673486
0.0650911
0.0629667
0.0609671
0.0590853
0.0573152
0.0556521
0.0540919
0.0526332
0.051288
0.0501693
0.0960432
0.0918353
0.0879343
0.0843028
0.0809098
0.0777303
0.0747438
0.071934
0.069287
0.0667916
0.064438
0.062218
0.0601244
0.0581506
0.0562912
0.0545411
0.0528961
0.0513543
0.0499268
0.0487302
0.0960233
0.0917538
0.0877487
0.0839751
0.0804115
0.0770439
0.0738622
0.0708576
0.0680223
0.0653488
0.0628295
0.0604572
0.0582246
0.0561248
0.0541511
0.0522972
0.0505575
0.0489279
0.0474167
0.0461376
0.095907
0.0913412
0.0869427
0.0827277
0.0787133
0.074913
0.0713338
0.0679759
0.0648342
0.0619003
0.0591637
0.0566128
0.0542356
0.0520205
0.0499562
0.0480321
0.0462385
0.0445674
0.0430199
0.0416935
0.0951965
0.0893392
0.0836174
0.0782092
0.0731805
0.0685656
0.0643618
0.0605453
0.0570834
0.0539418
0.0510871
0.0484884
0.0461178
0.0439505
0.0419646
0.0401409
0.0384627
0.0369161
0.0354917
0.0342489
0.0884178
0.0769878
0.0680816
0.0609431
0.0551012
0.0502324
0.0461165
0.0425966
0.0395575
0.036912
0.0345925
0.0325459
0.0307297
0.0291095
0.0276571
0.0263493
0.0251671
0.024094
0.0231175
0.0222395
0.0884178
0.0769878
0.0680818
0.0609435
0.0551019
0.0502335
0.0461182
0.0425991
0.0395612
0.0369172
0.0345997
0.0325556
0.0307426
0.0291264
0.0276788
0.026377
0.0252018
0.0241371
0.0231704
0.0223035
0.0951966
0.0893394
0.0836181
0.0782107
0.0731836
0.0685711
0.0643709
0.0605594
0.0571043
0.0539717
0.0511285
0.0485443
0.0461915
0.0440459
0.0420859
0.0402932
0.0386514
0.0371474
0.035772
0.0345817
0.0959071
0.0913418
0.0869443
0.0827315
0.0787208
0.0749264
0.0713558
0.0680099
0.0648844
0.0619714
0.0592611
0.0567428
0.0544052
0.0522375
0.0502294
0.0483712
0.0466543
0.0450716
0.0436242
0.0423997
0.0960234
0.0917546
0.0877511
0.0839806
0.0804226
0.077064
0.0738956
0.0709099
0.0680999
0.0654593
0.0629818
0.060661
0.058491
0.056466
0.0545807
0.0528302
0.0512101
0.0497178
0.0483602
0.0472329
0.0960433
0.0918362
0.087937
0.0843092
0.080923
0.0777544
0.0747845
0.0719983
0.0693835
0.0669303
0.0646306
0.0624777
0.0604659
0.0585906
0.0568478
0.0552344
0.0537482
0.0523883
0.0511637
0.0501645
0.0960469
0.0918531
0.08798
0.0843928
0.0810618
0.0779619
0.0750721
0.072375
0.0698562
0.0675039
0.0653083
0.0632617
0.0613578
0.0595917
0.0579597
0.0564593
0.0550888
0.0538483
0.0527467
0.0518634
0.0960476
0.0918566
0.0879897
0.0844132
0.0810982
0.0780202
0.0751586
0.0724958
0.0700171
0.0677104
0.0655656
0.0635747
0.0617311
0.0600301
0.058468
0.0570428
0.0557532
0.0545997
0.0535903
0.0527944
0.0960478
0.0918574
0.087992
0.0844183
0.0811077
0.0780362
0.0751835
0.0725324
0.0700685
0.0677799
0.0656567
0.063691
0.0618767
0.0602091
0.0586852
0.0573031
0.0560621
0.0549632
0.0540137
0.0532754
0.0960478
0.0918575
0.0879926
0.0844196
0.0811102
0.0780405
0.0751905
0.0725431
0.0700842
0.067802
0.0656871
0.0637317
0.0619299
0.0602776
0.058772
0.0574115
0.0561962
0.0551272
0.0542115
0.0535063
0.0960478
0.0918576
0.0879928
0.08442
0.0811109
0.0780417
0.0751923
0.072546
0.0700885
0.0678084
0.0656961
0.0637442
0.0619469
0.0603003
0.0588017
0.05745
0.0562453
0.0551891
0.0542883
0.0535978
0.0960478
0.0918576
0.0879928
0.08442
0.0811109
0.0780417
0.0751923
0.072546
0.0700885
0.0678084
0.0656961
0.0637442
0.0619469
0.0603003
0.0588017
0.05745
0.0562453
0.0551891
0.0542883
0.0535978
0.0960478
0.0918575
0.0879926
0.0844196
0.0811102
0.0780405
0.0751905
0.0725431
0.0700842
0.067802
0.0656871
0.0637317
0.0619299
0.0602776
0.058772
0.0574115
0.0561962
0.0551272
0.0542115
0.0535063
0.0960478
0.0918574
0.087992
0.0844183
0.0811077
0.0780362
0.0751835
0.0725324
0.0700685
0.0677799
0.0656567
0.063691
0.0618767
0.0602091
0.0586852
0.0573031
0.0560621
0.0549632
0.0540137
0.0532754
0.0960476
0.0918566
0.0879897
0.0844132
0.0810982
0.0780202
0.0751586
0.0724958
0.0700171
0.0677104
0.0655656
0.0635747
0.0617311
0.0600301
0.058468
0.0570428
0.0557532
0.0545997
0.0535903
0.0527944
0.0960469
0.0918531
0.08798
0.0843928
0.0810618
0.0779619
0.0750721
0.072375
0.0698562
0.0675039
0.0653083
0.0632617
0.0613578
0.0595917
0.0579597
0.0564593
0.0550888
0.0538483
0.0527467
0.0518634
0.0960433
0.0918362
0.087937
0.0843092
0.080923
0.0777544
0.0747845
0.0719983
0.0693835
0.0669303
0.0646306
0.0624777
0.0604659
0.0585906
0.0568478
0.0552344
0.0537482
0.0523883
0.0511637
0.0501645
0.0960234
0.0917546
0.0877511
0.0839806
0.0804226
0.077064
0.0738956
0.0709099
0.0680999
0.0654593
0.0629818
0.060661
0.058491
0.056466
0.0545807
0.0528302
0.0512101
0.0497178
0.0483602
0.0472329
0.0959071
0.0913418
0.0869443
0.0827315
0.0787208
0.0749264
0.0713558
0.0680099
0.0648844
0.0619714
0.0592611
0.0567428
0.0544052
0.0522375
0.0502294
0.0483712
0.0466543
0.0450716
0.0436242
0.0423997
0.0951966
0.0893394
0.0836181
0.0782107
0.0731836
0.0685711
0.0643709
0.0605594
0.0571043
0.0539717
0.0511285
0.0485443
0.0461915
0.0440459
0.0420859
0.0402932
0.0386514
0.0371474
0.035772
0.0345817
0.0884178
0.0769878
0.0680818
0.0609435
0.0551019
0.0502335
0.0461182
0.0425991
0.0395612
0.0369172
0.0345997
0.0325556
0.0307426
0.0291264
0.0276788
0.026377
0.0252018
0.0241371
0.0231704
0.0223035
0.0884178
0.076988
0.0680823
0.0609447
0.0551041
0.0502375
0.0461245
0.0426089
0.0395755
0.0369375
0.0346277
0.0325932
0.0307921
0.0291902
0.02776
0.0264788
0.0253279
0.0242917
0.0233581
0.0225281
0.0951969
0.0893408
0.083622
0.0782192
0.0731996
0.0685985
0.0644143
0.0606245
0.0571977
0.0541008
0.051302
0.0487719
0.0464842
0.0444158
0.0425469
0.0408605
0.039342
0.03798
0.036766
0.0357454
0.0959078
0.0913449
0.0869533
0.0827513
0.0787583
0.0749902
0.0714565
0.0681596
0.0650969
0.0622623
0.0596477
0.057244
0.055042
0.0530328
0.0512084
0.0495616
0.0480861
0.0467771
0.045634
0.0447126
0.0960243
0.0917588
0.0877634
0.0840082
0.0804758
0.077156
0.0740425
0.0711304
0.0684153
0.0658933
0.0635605
0.0614131
0.0594477
0.0576613
0.0560516
0.0546169
0.0533562
0.0522687
0.0513565
0.0506601
0.0960443
0.091841
0.0879509
0.0843409
0.0809847
0.0778625
0.074959
0.0722629
0.0697657
0.0674607
0.0653434
0.0634103
0.0616592
0.0600893
0.0587005
0.0574939
0.0564713
0.0556342
0.054983
0.054531
0.0960479
0.091858
0.0879946
0.0844262
0.0811274
0.0780775
0.0752602
0.0726627
0.0702749
0.0680893
0.0661006
0.0643054
0.062702
0.0612902
0.0600715
0.0590486
0.058225
0.0576034
0.0571812
0.0569429
0.0960486
0.0918616
0.0880046
0.0844473
0.0811653
0.0781391
0.0753528
0.0727942
0.0704536
0.0683239
0.0664003
0.0646799
0.0631621
0.0618477
0.0607395
0.0598417
0.0591594
0.0586963
0.0584469
0.0583716
0.0960488
0.0918624
0.088007
0.0844526
0.0811754
0.0781563
0.0753802
0.0728354
0.070513
0.0684066
0.0665121
0.0648278
0.0633538
0.0620924
0.0610476
0.0602251
0.0596315
0.0592716
0.059138
0.0591736
0.0960488
0.0918626
0.0880076
0.084454
0.0811781
0.0781611
0.0753882
0.072848
0.0705321
0.0684346
0.0665521
0.0648835
0.0634297
0.0621941
0.0611817
0.0603994
0.0598551
0.0595544
0.0594889
0.059591
0.0960488
0.0918627
0.0880077
0.0844544
0.0811788
0.0781624
0.0753904
0.0728516
0.0705377
0.0684431
0.0665647
0.0649018
0.0634558
0.0622304
0.0612313
0.0604661
0.0599433
0.059669
0.0596346
0.0597672
0.0960488
0.0918627
0.0880077
0.0844544
0.0811788
0.0781624
0.0753904
0.0728516
0.0705377
0.0684431
0.0665647
0.0649018
0.0634558
0.0622304
0.0612313
0.0604661
0.0599433
0.059669
0.0596346
0.0597671
0.0960488
0.0918626
0.0880076
0.084454
0.0811781
0.0781611
0.0753882
0.072848
0.0705321
0.0684346
0.0665521
0.0648835
0.0634297
0.0621941
0.0611817
0.0603994
0.0598551
0.0595544
0.0594889
0.059591
0.0960488
0.0918624
0.088007
0.0844526
0.0811754
0.0781563
0.0753802
0.0728354
0.070513
0.0684066
0.0665121
0.0648278
0.0633538
0.0620924
0.0610476
0.0602251
0.0596315
0.0592716
0.0591379
0.0591736
0.0960486
0.0918616
0.0880046
0.0844473
0.0811653
0.0781391
0.0753528
0.0727942
0.0704536
0.0683239
0.0664003
0.0646799
0.0631621
0.0618477
0.0607395
0.0598417
0.0591594
0.0586963
0.0584469
0.0583716
0.0960479
0.091858
0.0879946
0.0844262
0.0811274
0.0780775
0.0752602
0.0726627
0.0702749
0.0680893
0.0661006
0.0643054
0.062702
0.0612902
0.0600715
0.0590486
0.058225
0.0576034
0.0571812
0.0569429
0.0960443
0.091841
0.0879509
0.0843409
0.0809847
0.0778625
0.074959
0.0722629
0.0697657
0.0674607
0.0653434
0.0634103
0.0616592
0.0600893
0.0587005
0.0574939
0.0564713
0.0556342
0.0549829
0.0545309
0.0960243
0.0917588
0.0877634
0.0840082
0.0804758
0.077156
0.0740425
0.0711304
0.0684153
0.0658933
0.0635605
0.0614131
0.0594477
0.0576613
0.0560516
0.0546169
0.0533562
0.0522687
0.0513564
0.0506601
0.0959078
0.0913449
0.0869533
0.0827513
0.0787583
0.0749902
0.0714565
0.0681596
0.0650969
0.0622623
0.0596477
0.057244
0.055042
0.0530328
0.0512084
0.0495616
0.0480861
0.0467771
0.045634
0.0447126
0.0951969
0.0893408
0.083622
0.0782192
0.0731996
0.0685985
0.0644143
0.0606245
0.0571977
0.0541008
0.051302
0.0487719
0.0464842
0.0444158
0.0425469
0.0408605
0.039342
0.03798
0.036766
0.0357454
0.0884178
0.076988
0.0680823
0.0609447
0.0551041
0.0502375
0.0461245
0.0426089
0.0395755
0.0369375
0.0346277
0.0325932
0.0307921
0.0291902
0.02776
0.0264788
0.0253279
0.0242917
0.0233581
0.0225281
0.088418
0.0769888
0.0680847
0.0609503
0.0551148
0.0502558
0.0461536
0.0426525
0.0396382
0.0370243
0.0347446
0.0327468
0.03099
0.0294409
0.0280732
0.0268653
0.0257998
0.0248625
0.0240425
0.0233376
0.0951988
0.0893496
0.0836453
0.0782675
0.0732862
0.0687392
0.0646274
0.0609306
0.05762
0.0546651
0.0520369
0.0497091
0.0476588
0.0458665
0.0443164
0.0429955
0.0418935
0.041002
0.0403113
0.0398237
0.0959118
0.0913636
0.0870033
0.0828556
0.0789455
0.0752935
0.071913
0.0688101
0.0659853
0.063436
0.0611577
0.0591455
0.0573945
0.055901
0.0546623
0.0536765
0.0529427
0.0524586
0.0522131
0.0521609
0.0960294
0.0917829
0.087829
0.0841476
0.0807298
0.077573
0.0746768
0.0720414
0.0696673
0.067555
0.0657054
0.0641201
0.0628019
0.0617543
0.0609822
0.0604908
0.0602851
0.0603657
0.0607127
0.061206
0.0960498
0.0918674
0.0880236
0.0844969
0.0812723
0.0783399
0.0756928
0.0733272
0.0712412
0.0694348
0.0679103
0.0666717
0.0657252
0.0650788
0.0647416
0.0647238
0.0650337
0.0656726
0.0666069
0.0676341
0.0960536
0.0918853
0.0880699
0.0845889
0.0814294
0.0785823
0.0760419
0.0738047
0.0718696
0.0702381
0.0689141
0.0679043
0.0672179
0.0668664
0.0668631
0.0672218
0.0679539
0.0690601
0.0704931
0.0719748
0.0960544
0.0918892
0.0880809
0.0846125
0.081473
0.0786553
0.0761554
0.0739721
0.0721063
0.0705619
0.0693456
0.0684671
0.0679391
0.0677771
0.0679983
0.0686204
0.0696578
0.0711112
0.0729223
0.0747517
0.0960545
0.0918901
0.0880836
0.0846187
0.0814851
0.0786769
0.0761915
0.0740289
0.0721922
0.0706873
0.0695234
0.0687131
0.0682723
0.0682201
0.0685773
0.0693653
0.0706018
0.072288
0.074358
0.0764285
0.0960546
0.0918903
0.0880843
0.0846204
0.0814886
0.0786835
0.0762029
0.074048
0.0722227
0.0707345
0.0695941
0.0688162
0.068419
0.068424
0.0688551
0.0697364
0.0710882
0.0729127
0.0751394
0.0773578
0.0960546
0.0918904
0.0880845
0.0846209
0.0814896
0.0786853
0.0762063
0.0740538
0.0722325
0.0707503
0.0696187
0.0688535
0.0684739
0.068503
0.0689659
0.0698885
0.0712922
0.0731802
0.0754799
0.0777676
0.0960546
0.0918904
0.0880845
0.0846209
0.0814896
0.0786853
0.0762063
0.0740538
0.0722325
0.0707503
0.0696187
0.0688535
0.0684739
0.068503
0.0689659
0.0698885
0.0712922
0.0731802
0.0754798
0.0777676
0.0960546
0.0918903
0.0880843
0.0846204
0.0814886
0.0786835
0.0762029
0.074048
0.0722227
0.0707345
0.0695941
0.0688162
0.068419
0.068424
0.0688551
0.0697364
0.0710882
0.0729127
0.0751394
0.0773577
0.0960545
0.0918901
0.0880836
0.0846187
0.0814851
0.0786769
0.0761915
0.0740289
0.0721922
0.0706873
0.0695234
0.0687131
0.0682723
0.0682201
0.0685773
0.0693653
0.0706018
0.072288
0.0743579
0.0764284
0.0960544
0.0918892
0.0880809
0.0846125
0.081473
0.0786553
0.0761554
0.0739721
0.0721063
0.0705619
0.0693456
0.0684671
0.0679391
0.0677771
0.0679983
0.0686204
0.0696578
0.0711112
0.0729222
0.0747515
0.0960536
0.0918853
0.0880699
0.0845889
0.0814294
0.0785823
0.0760419
0.0738047
0.0718696
0.0702381
0.0689141
0.0679043
0.0672179
0.0668664
0.0668631
0.0672218
0.0679539
0.06906
0.070493
0.0719745
0.0960498
0.0918674
0.0880236
0.0844969
0.0812723
0.0783399
0.0756928
0.0733272
0.0712412
0.0694348
0.0679103
0.0666717
0.0657252
0.0650788
0.0647416
0.0647237
0.0650337
0.0656726
0.0666068
0.0676339
0.0960294
0.0917829
0.087829
0.0841476
0.0807298
0.077573
0.0746768
0.0720414
0.0696673
0.067555
0.0657054
0.0641201
0.0628019
0.0617543
0.0609822
0.0604908
0.0602851
0.0603657
0.0607126
0.0612058
0.0959118
0.0913636
0.0870033
0.0828556
0.0789455
0.0752935
0.071913
0.0688101
0.0659853
0.063436
0.0611577
0.0591455
0.0573945
0.055901
0.0546623
0.0536765
0.0529427
0.0524586
0.052213
0.0521608
0.0951988
0.0893496
0.0836453
0.0782675
0.0732862
0.0687392
0.0646274
0.0609306
0.05762
0.0546651
0.0520369
0.0497091
0.0476588
0.0458665
0.0443164
0.0429955
0.0418935
0.041002
0.0403113
0.0398237
0.088418
0.0769888
0.0680847
0.0609503
0.0551148
0.0502558
0.0461536
0.0426525
0.0396382
0.0370243
0.0347446
0.0327468
0.03099
0.0294409
0.0280732
0.0268653
0.0257998
0.0248625
0.0240425
0.0233376
0.088419
0.0769943
0.0680998
0.0609821
0.0551727
0.0503507
0.0462985
0.042862
0.0399288
0.0374148
0.0352559
0.0334026
0.0318166
0.0304678
0.0293331
0.0283943
0.0276375
0.0270513
0.0266261
0.0263442
0.0952125
0.0894087
0.0837913
0.0785512
0.073765
0.0694758
0.0656898
0.0623921
0.0595594
0.0571678
0.0551952
0.0536225
0.052434
0.0516171
0.0511612
0.0510571
0.0512946
0.0518599
0.0527172
0.0537159
0.0959379
0.0914774
0.0872869
0.0834081
0.0798769
0.0767205
0.073957
0.071597
0.0696469
0.0681111
0.0669932
0.0662973
0.0660271
0.066186
0.0667752
0.0677933
0.0692327
0.0710728
0.0732414
0.0754013
0.0960611
0.0919228
0.0881832
0.0848488
0.0819283
0.0794303
0.0773624
0.0757324
0.0745492
0.0738236
0.073568
0.0737955
0.0745183
0.0757461
0.0774841
0.0797308
0.0824734
0.0856751
0.0892137
0.0925466
0.0960836
0.0920172
0.0884067
0.0852633
0.0825963
0.0804127
0.0787198
0.0775266
0.0768458
0.0766934
0.0770882
0.0780497
0.0795955
0.0817385
0.0844843
0.0878275
0.0917459
0.0961821
0.100959
0.105337
0.096088
0.0920385
0.0884635
0.0853805
0.0828052
0.0807506
0.0792302
0.0782595
0.0778582
0.0780504
0.0788629
0.0803228
0.0824544
0.0852747
0.0887904
0.0929928
0.0978508
0.103287
0.109074
0.114303
0.096089
0.0920435
0.088478
0.0854132
0.0828689
0.080863
0.0794147
0.078546
0.0782841
0.0786611
0.0797127
0.0814746
0.0839787
0.0872484
0.0912933
0.0961044
0.101645
0.107822
0.114366
0.120237
0.0960892
0.0920447
0.0884818
0.0854226
0.0828885
0.0809003
0.0794805
0.0786556
0.0784582
0.0789268
0.0801041
0.0820335
0.0847542
0.0882959
0.092673
0.097878
0.103872
0.110551
0.117618
0.123934
0.0960893
0.092045
0.0884829
0.0854254
0.0828947
0.0809127
0.0795038
0.0786968
0.0785274
0.0790381
0.0802762
0.0822904
0.0851252
0.0888155
0.0933797
0.0988129
0.105075
0.112059
0.119446
0.126039
0.0960893
0.0920451
0.0884832
0.0854262
0.0828965
0.0809166
0.0795113
0.0787106
0.0785515
0.0790784
0.0803407
0.0823897
0.0852728
0.0890276
0.0936747
0.099211
0.105597
0.112722
0.12026
0.126984
0.0960893
0.0920451
0.0884832
0.0854262
0.0828965
0.0809166
0.0795113
0.0787106
0.0785515
0.0790784
0.0803407
0.0823897
0.0852728
0.0890276
0.0936747
0.099211
0.105597
0.112722
0.12026
0.126983
0.0960893
0.092045
0.0884829
0.0854254
0.0828947
0.0809127
0.0795038
0.0786968
0.0785274
0.0790381
0.0802762
0.0822904
0.0851252
0.0888155
0.0933797
0.0988129
0.105075
0.112059
0.119446
0.126038
0.0960892
0.0920447
0.0884818
0.0854226
0.0828885
0.0809003
0.0794805
0.0786556
0.0784582
0.0789268
0.0801041
0.0820335
0.0847542
0.0882959
0.092673
0.097878
0.103872
0.110551
0.117617
0.123934
0.096089
0.0920435
0.088478
0.0854132
0.0828689
0.080863
0.0794147
0.078546
0.0782841
0.0786611
0.0797127
0.0814746
0.0839787
0.0872484
0.0912933
0.0961044
0.101645
0.107822
0.114366
0.120236
0.096088
0.0920385
0.0884635
0.0853805
0.0828052
0.0807506
0.0792302
0.0782595
0.0778582
0.0780504
0.0788629
0.0803228
0.0824544
0.0852747
0.0887904
0.0929927
0.0978507
0.103287
0.109074
0.114303
0.0960836
0.0920172
0.0884067
0.0852633
0.0825963
0.0804127
0.0787198
0.0775266
0.0768458
0.0766934
0.0770882
0.0780497
0.0795955
0.0817385
0.0844843
0.0878274
0.0917458
0.0961818
0.100958
0.105337
0.0960611
0.0919228
0.0881832
0.0848488
0.0819283
0.0794303
0.0773624
0.0757324
0.0745492
0.0738236
0.073568
0.0737955
0.0745183
0.0757461
0.0774841
0.0797307
0.0824733
0.0856749
0.0892134
0.0925459
0.0959379
0.0914774
0.0872869
0.0834081
0.0798769
0.0767205
0.073957
0.071597
0.0696469
0.0681111
0.0669932
0.0662973
0.0660271
0.066186
0.0667752
0.0677933
0.0692327
0.0710727
0.0732411
0.0754008
0.0952125
0.0894087
0.0837913
0.0785512
0.073765
0.0694758
0.0656898
0.0623921
0.0595594
0.0571678
0.0551952
0.0536225
0.052434
0.0516171
0.0511612
0.0510571
0.0512946
0.0518599
0.0527171
0.0537156
0.088419
0.0769943
0.0680998
0.0609821
0.0551727
0.0503507
0.0462985
0.042862
0.0399288
0.0374148
0.0352559
0.0334026
0.0318166
0.0304678
0.0293331
0.0283943
0.0276375
0.0270513
0.026626
0.0263442
0.0884267
0.0770333
0.0681987
0.0611765
0.0555047
0.0508674
0.0470523
0.0439107
0.0413366
0.0392523
0.0376006
0.0363387
0.0354341
0.0348614
0.0345996
0.0346304
0.034936
0.0354967
0.0362841
0.0372096
0.0953202
0.0898279
0.0847397
0.0802582
0.0764598
0.0733879
0.0710519
0.0694418
0.0685392
0.0683224
0.0687666
0.0698432
0.0715188
0.0737543
0.076505
0.07972
0.0833408
0.0872945
0.0914412
0.0952773
0.096119
0.0921883
0.0889045
0.0863222
0.084473
0.0833784
0.0830537
0.0835086
0.0847457
0.086759
0.0895319
0.0930353
0.0972272
0.102052
0.107445
0.113329
0.119618
0.126198
0.132829
0.138637
0.0962698
0.0927532
0.0901014
0.0883542
0.0875314
0.0876481
0.0887185
0.0907528
0.0937523
0.0977042
0.102577
0.108319
0.114858
0.122106
0.12996
0.138312
0.147039
0.155982
0.164802
0.172288
0.0963009
0.0928889
0.0904387
0.0890134
0.088652
0.0893875
0.0912513
0.0942682
0.0984481
0.103778
0.110215
0.117686
0.126089
0.135299
0.145178
0.155581
0.166351
0.177279
0.187932
0.196807
0.096308
0.0929233
0.0905348
0.0892228
0.0890463
0.0900608
0.0923208
0.0958728
0.100745
0.106934
0.114398
0.123053
0.132779
0.143424
0.15482
0.166792
0.17915
0.191642
0.203749
0.213727
0.0963097
0.0929324
0.0905624
0.0892886
0.0891821
0.0903133
0.0927546
0.0965719
0.101812
0.108486
0.116561
0.125956
0.13654
0.148149
0.160597
0.173685
0.187196
0.200847
0.214043
0.224853
0.0963101
0.0929349
0.0905705
0.0893096
0.0892288
0.0904068
0.0929267
0.0968673
0.102289
0.109217
0.11763
0.12745
0.138549
0.150757
0.163878
0.177701
0.191991
0.206437
0.220392
0.231789
0.0963102
0.0929356
0.090573
0.0893164
0.0892448
0.0904408
0.0929931
0.0969875
0.102493
0.109544
0.118127
0.12817
0.139549
0.152094
0.165604
0.179861
0.194622
0.209558
0.223987
0.235753
0.0963102
0.0929357
0.0905737
0.0893184
0.0892498
0.0904519
0.0930156
0.09703
0.102568
0.109668
0.11832
0.128458
0.139958
0.152651
0.166337
0.180795
0.195775
0.210942
0.225598
0.237541
0.0963102
0.0929357
0.0905737
0.0893184
0.0892498
0.0904519
0.0930156
0.09703
0.102568
0.109668
0.11832
0.128458
0.139958
0.152651
0.166337
0.180795
0.195775
0.210942
0.225598
0.237541
0.0963102
0.0929356
0.090573
0.0893164
0.0892448
0.0904408
0.0929931
0.0969875
0.102493
0.109544
0.118127
0.12817
0.139549
0.152094
0.165604
0.179861
0.194622
0.209557
0.223987
0.235752
0.0963101
0.0929349
0.0905705
0.0893096
0.0892288
0.0904068
0.0929267
0.0968673
0.102289
0.109217
0.11763
0.12745
0.138549
0.150757
0.163878
0.177701
0.191991
0.206436
0.220391
0.231787
0.0963097
0.0929324
0.0905624
0.0892886
0.0891821
0.0903133
0.0927546
0.0965719
0.101812
0.108486
0.116561
0.125956
0.13654
0.148149
0.160597
0.173685
0.187196
0.200846
0.214041
0.224851
0.096308
0.0929233
0.0905348
0.0892228
0.0890463
0.0900608
0.0923208
0.0958728
0.100745
0.106934
0.114398
0.123053
0.132779
0.143424
0.15482
0.166792
0.179149
0.191642
0.203748
0.213725
0.0963009
0.0928889
0.0904387
0.0890134
0.088652
0.0893875
0.0912513
0.0942682
0.0984481
0.103778
0.110215
0.117686
0.126089
0.135299
0.145178
0.155581
0.16635
0.177279
0.187931
0.196805
0.0962698
0.0927532
0.0901014
0.0883542
0.0875314
0.0876481
0.0887185
0.0907528
0.0937523
0.0977043
0.102577
0.108319
0.114858
0.122106
0.12996
0.138312
0.147039
0.155982
0.164801
0.172286
0.096119
0.0921883
0.0889045
0.0863222
0.084473
0.0833784
0.0830537
0.0835086
0.0847457
0.086759
0.0895319
0.0930353
0.0972272
0.102052
0.107445
0.113329
0.119618
0.126197
0.132828
0.138635
0.0953202
0.0898279
0.0847397
0.0802582
0.0764598
0.0733879
0.0710519
0.0694418
0.0685392
0.0683224
0.0687666
0.0698432
0.0715188
0.0737543
0.076505
0.07972
0.0833407
0.0872943
0.0914407
0.0952765
0.0884267
0.0770333
0.0681987
0.0611765
0.0555047
0.0508674
0.0470523
0.0439107
0.0413366
0.0392523
0.0376006
0.0363387
0.0354341
0.0348614
0.0345996
0.0346304
0.034936
0.0354967
0.0362839
0.0372094
0.0884918
0.0773246
0.0688736
0.0624091
0.0574899
0.0538131
0.0511782
0.0494451
0.0485089
0.0482843
0.0486963
0.049672
0.051139
0.0530251
0.0552589
0.0577714
0.0604965
0.0633681
0.0663066
0.0690904
0.0962391
0.0929371
0.091063
0.0906878
0.09175
0.0941741
0.0978513
0.102644
0.108399
0.114954
0.122148
0.12983
0.137859
0.146112
0.154485
0.162889
0.171243
0.17945
0.187283
0.193869
0.0974573
0.0967571
0.0982796
0.101912
0.107497
0.114835
0.123694
0.133813
0.14492
0.15675
0.169062
0.181649
0.194341
0.207005
0.219543
0.231877
0.243937
0.255607
0.266546
0.275391
0.0977394
0.0978441
0.100715
0.106288
0.114413
0.124855
0.137286
0.151313
0.166521
0.182513
0.19894
0.215522
0.232046
0.248361
0.264364
0.279983
0.295148
0.309715
0.323223
0.333895
0.0978066
0.0981452
0.101498
0.107887
0.117234
0.129336
0.143852
0.160329
0.178261
0.197149
0.216553
0.23612
0.255586
0.274767
0.293545
0.311838
0.329561
0.346533
0.362173
0.37436
0.0978232
0.0982297
0.101745
0.108449
0.118328
0.131229
0.146839
0.164696
0.184259
0.204976
0.226348
0.247969
0.269531
0.290819
0.311691
0.332045
0.351776
0.370659
0.388006
0.401411
0.0978276
0.0982537
0.101822
0.108643
0.118738
0.131995
0.148132
0.166703
0.187165
0.208948
0.231526
0.254463
0.27742
0.300159
0.322515
0.344368
0.365587
0.385909
0.404555
0.418897
0.0978287
0.0982606
0.101846
0.108709
0.118889
0.132297
0.148674
0.167592
0.188517
0.210879
0.234145
0.257865
0.281687
0.305355
0.328689
0.351555
0.373802
0.395133
0.414703
0.429716
0.097829
0.0982625
0.101854
0.108731
0.118943
0.132413
0.148892
0.167968
0.189113
0.211765
0.23539
0.259535
0.283841
0.308047
0.331963
0.355443
0.378325
0.40029
0.420446
0.435887
0.0978291
0.098263
0.101856
0.108738
0.118961
0.132451
0.148968
0.168104
0.189337
0.212106
0.235882
0.26021
0.284732
0.309181
0.333364
0.357133
0.380316
0.402584
0.423022
0.438672
0.0978291
0.098263
0.101856
0.108738
0.118961
0.132451
0.148968
0.168104
0.189337
0.212106
0.235882
0.26021
0.284732
0.309181
0.333364
0.357133
0.380316
0.402584
0.423022
0.438672
0.097829
0.0982625
0.101854
0.108731
0.118943
0.132413
0.148892
0.167968
0.189113
0.211765
0.23539
0.259535
0.283841
0.308047
0.331963
0.355443
0.378325
0.400289
0.420444
0.435886
0.0978287
0.0982606
0.101846
0.108709
0.118889
0.132297
0.148674
0.167592
0.188517
0.210879
0.234145
0.257865
0.281687
0.305355
0.328689
0.351555
0.373801
0.395132
0.414701
0.429713
0.0978276
0.0982537
0.101822
0.108643
0.118738
0.131995
0.148132
0.166703
0.187165
0.208948
0.231526
0.254463
0.27742
0.300159
0.322515
0.344367
0.365586
0.385907
0.404553
0.418893
0.0978232
0.0982297
0.101745
0.108449
0.118328
0.131229
0.146839
0.164696
0.184259
0.204976
0.226348
0.247969
0.269531
0.290819
0.311691
0.332045
0.351775
0.370657
0.388003
0.401408
0.0978066
0.0981452
0.101498
0.107887
0.117234
0.129336
0.143852
0.160329
0.178261
0.197149
0.216553
0.23612
0.255586
0.274767
0.293545
0.311838
0.329561
0.346531
0.36217
0.374356
0.0977394
0.0978441
0.100715
0.106288
0.114413
0.124855
0.137286
0.151313
0.166521
0.182513
0.19894
0.215522
0.232046
0.248361
0.264364
0.279983
0.295147
0.309714
0.32322
0.333892
0.0974573
0.0967571
0.0982796
0.101912
0.107497
0.114835
0.123694
0.133813
0.14492
0.15675
0.169062
0.181649
0.194341
0.207005
0.219543
0.231877
0.243936
0.255606
0.266545
0.275388
0.0962391
0.0929371
0.091063
0.0906878
0.09175
0.0941741
0.0978513
0.102644
0.108399
0.114954
0.122148
0.12983
0.137858
0.146112
0.154485
0.162889
0.171243
0.17945
0.187281
0.193867
0.0884918
0.0773246
0.0688736
0.0624091
0.0574899
0.0538131
0.0511782
0.0494451
0.0485089
0.0482843
0.0486963
0.049672
0.051139
0.0530251
0.0552589
0.0577714
0.0604964
0.0633679
0.0663062
0.0690897
0.0890813
0.0795967
0.0736605
0.0705436
0.0697785
0.0709199
0.0735668
0.0773508
0.0819408
0.087054
0.092461
0.0979879
0.10351
0.108944
0.114237
0.11936
0.124294
0.129016
0.133466
0.137338
0.104928
0.117173
0.133645
0.152495
0.172339
0.192316
0.21189
0.230742
0.248708
0.265733
0.281828
0.297042
0.311439
0.32509
0.338061
0.350409
0.362157
0.373262
0.383438
0.391497
0.108448
0.128099
0.154376
0.18444
0.215963
0.24727
0.277343
0.305674
0.332106
0.356691
0.379585
0.400977
0.421056
0.439988
0.45791
0.474927
0.491084
0.506306
0.520132
0.530755
0.109341
0.131511
0.161931
0.197531
0.235495
0.273625
0.310486
0.345316
0.377842
0.408094
0.436255
0.462561
0.487249
0.510527
0.532569
0.553497
0.57336
0.592031
0.608876
0.621586
0.109553
0.132497
0.164473
0.202493
0.243635
0.285484
0.326363
0.365315
0.401938
0.436189
0.468217
0.498247
0.526519
0.55325
0.578615
0.60274
0.625656
0.64718
0.666519
0.680951
0.109604
0.132783
0.165314
0.204319
0.246903
0.290604
0.333656
0.375004
0.414161
0.451021
0.485689
0.518359
0.549253
0.578572
0.606482
0.633094
0.658416
0.682208
0.703537
0.719347
0.109618
0.132867
0.165589
0.204972
0.248169
0.29273
0.336875
0.379517
0.420133
0.458579
0.494928
0.52935
0.562042
0.593187
0.622935
0.651378
0.678498
0.704004
0.726849
0.743716
0.109621
0.132892
0.165679
0.205205
0.248653
0.293594
0.338257
0.381554
0.422953
0.462296
0.499641
0.535142
0.568981
0.601326
0.632311
0.662013
0.690389
0.717106
0.741031
0.758657
0.109622
0.132899
0.165709
0.205287
0.248834
0.293934
0.338828
0.382433
0.424218
0.464025
0.501907
0.538012
0.572512
0.605567
0.637301
0.667778
0.696938
0.724421
0.749037
0.76715
0.109622
0.132901
0.165717
0.205313
0.248894
0.294052
0.339032
0.382756
0.424698
0.464699
0.502812
0.539183
0.573982
0.607363
0.639447
0.670291
0.699826
0.727678
0.752628
0.770979
0.109622
0.132901
0.165717
0.205313
0.248894
0.294052
0.339032
0.382756
0.424698
0.464699
0.502812
0.539183
0.573982
0.607363
0.639447
0.67029
0.699826
0.727678
0.752627
0.770978
0.109622
0.132899
0.165709
0.205287
0.248834
0.293934
0.338828
0.382433
0.424218
0.464025
0.501907
0.538012
0.572512
0.605567
0.637301
0.667778
0.696938
0.72442
0.749035
0.767147
0.109621
0.132892
0.165679
0.205205
0.248653
0.293594
0.338257
0.381554
0.422953
0.462296
0.499641
0.535142
0.568981
0.601326
0.632311
0.662012
0.690387
0.717104
0.741028
0.758653
0.109618
0.132867
0.165589
0.204972
0.248169
0.29273
0.336875
0.379517
0.420133
0.458579
0.494928
0.52935
0.562042
0.593186
0.622934
0.651377
0.678497
0.704002
0.726845
0.74371
0.109604
0.132783
0.165314
0.204319
0.246903
0.290604
0.333656
0.375004
0.414161
0.451021
0.485689
0.518359
0.549253
0.578571
0.606481
0.633093
0.658414
0.682205
0.703533
0.719341
0.109553
0.132497
0.164473
0.202493
0.243635
0.285484
0.326363
0.365315
0.401938
0.436189
0.468217
0.498247
0.526519
0.553249
0.578615
0.602739
0.625654
0.647177
0.666515
0.680945
0.109341
0.131511
0.161931
0.197531
0.235495
0.273625
0.310486
0.345316
0.377842
0.408094
0.436255
0.462561
0.487248
0.510527
0.532569
0.553496
0.573358
0.592028
0.608872
0.62158
0.108448
0.128099
0.154376
0.18444
0.215963
0.24727
0.277343
0.305674
0.332106
0.356691
0.379585
0.400977
0.421056
0.439988
0.45791
0.474926
0.491083
0.506303
0.520129
0.53075
0.104928
0.117173
0.133645
0.152495
0.172339
0.192316
0.21189
0.230742
0.248708
0.265733
0.281828
0.297042
0.311439
0.32509
0.33806
0.350408
0.362156
0.37326
0.383436
0.391493
0.0890813
0.0795967
0.0736605
0.0705436
0.0697785
0.0709199
0.0735669
0.0773508
0.0819408
0.087054
0.092461
0.0979879
0.10351
0.108944
0.114237
0.11936
0.124294
0.129016
0.133465
0.137337
0.0942326
0.0959606
0.103362
0.114403
0.127098
0.140148
0.152796
0.16466
0.175599
0.185615
0.19478
0.20319
0.210948
0.218146
0.224865
0.231169
0.237103
0.242675
0.247813
0.252086
0.194415
0.285129
0.359243
0.419413
0.468848
0.5102
0.545436
0.57596
0.6028
0.626715
0.648275
0.667913
0.685968
0.7027
0.718317
0.732963
0.746732
0.759582
0.771161
0.779861
0.208782
0.32173
0.418692
0.500111
0.567904
0.62463
0.672744
0.714253
0.750698
0.783223
0.812664
0.839625
0.864552
0.887774
0.90954
0.930022
0.949308
0.967291
0.983366
0.99524
0.212332
0.333109
0.439475
0.530698
0.608069
0.673805
0.730233
0.779381
0.822872
0.861947
0.897526
0.930285
0.960722
0.989203
1.016
1.04128
1.06513
1.08736
1.10712
1.12157
0.213089
0.336257
0.446272
0.542038
0.624467
0.695437
0.757055
0.811244
0.859589
0.903326
0.943391
0.980479
1.0151
1.04764
1.07837
1.10747
1.13496
1.16061
1.18333
1.19984
0.213269
0.337193
0.448582
0.546282
0.631094
0.704776
0.769322
0.826565
0.878026
0.924899
0.968089
1.00828
1.04596
1.08153
1.11523
1.14724
1.17755
1.20585
1.23088
1.249
0.21332
0.337482
0.449367
0.547842
0.633713
0.708715
0.774803
0.833769
0.887092
0.935929
0.981158
1.02343
1.06325
1.10095
1.1368
1.17093
1.20333
1.2336
1.26037
1.27969
0.213339
0.337579
0.449644
0.548426
0.634749
0.710355
0.7772
0.837065
0.891417
0.941396
0.987862
1.03145
1.07264
1.11176
1.14907
1.18467
1.21852
1.25018
1.27817
1.29834
0.213347
0.337612
0.449743
0.548645
0.635153
0.71102
0.77821
0.838509
0.893382
0.943966
0.991112
1.03545
1.07744
1.11742
1.1556
1.19211
1.22688
1.25942
1.28819
1.3089
0.21335
0.337624
0.449776
0.548719
0.635292
0.711256
0.778578
0.839049
0.894136
0.944975
0.992418
1.03709
1.07945
1.11982
1.15842
1.19536
1.23056
1.26352
1.29267
1.31365
0.21335
0.337624
0.449776
0.548719
0.635292
0.711256
0.778578
0.839049
0.894136
0.944975
0.992418
1.03709
1.07945
1.11982
1.15842
1.19536
1.23056
1.26352
1.29267
1.31365
0.213347
0.337612
0.449743
0.548645
0.635153
0.71102
0.77821
0.838509
0.893382
0.943966
0.991112
1.03545
1.07744
1.11742
1.1556
1.19211
1.22688
1.25941
1.28818
1.30889
0.213339
0.337579
0.449644
0.548426
0.634749
0.710355
0.7772
0.837065
0.891417
0.941396
0.987862
1.03145
1.07264
1.11176
1.14906
1.18467
1.21852
1.25018
1.27817
1.29834
0.21332
0.337482
0.449367
0.547842
0.633713
0.708715
0.774803
0.833769
0.887092
0.935929
0.981158
1.02343
1.06325
1.10095
1.1368
1.17093
1.20333
1.2336
1.26037
1.27968
0.213269
0.337193
0.448582
0.546282
0.631094
0.704776
0.769322
0.826565
0.878026
0.924899
0.968089
1.00828
1.04596
1.08153
1.11523
1.14724
1.17755
1.20584
1.23088
1.24899
0.213089
0.336257
0.446272
0.542038
0.624467
0.695437
0.757055
0.811244
0.859589
0.903326
0.943391
0.980479
1.0151
1.04764
1.07837
1.10746
1.13496
1.1606
1.18332
1.19983
0.212332
0.333109
0.439475
0.530698
0.608069
0.673805
0.730233
0.779381
0.822872
0.861947
0.897526
0.930285
0.960722
0.989202
1.01599
1.04128
1.06513
1.08735
1.10711
1.12156
0.208782
0.32173
0.418692
0.500111
0.567904
0.62463
0.672744
0.714253
0.750698
0.783223
0.812664
0.839625
0.864551
0.887774
0.909539
0.930021
0.949305
0.967288
0.983361
0.995232
0.194415
0.285129
0.359243
0.419413
0.468848
0.5102
0.545436
0.57596
0.6028
0.626715
0.648275
0.667913
0.685967
0.7027
0.718316
0.732962
0.74673
0.759579
0.771156
0.779855
0.0942326
0.0959606
0.103362
0.114403
0.127098
0.140148
0.152796
0.16466
0.175599
0.185615
0.19478
0.20319
0.210948
0.218146
0.224865
0.231169
0.237102
0.242674
0.247811
0.252083
)
;

boundaryField
{
    inlet
    {
        type            fixedValue;
        value           uniform 0.1;
    }
    outlet
    {
        type            zeroGradient;
    }
    walls
    {
        type            kqRWallFunction;
        value           nonuniform List<scalar> 
800
(
0.0942326
0.0890813
0.0884918
0.0884267
0.088419
0.088418
0.0884178
0.0884178
0.0884178
0.0884178
0.0884178
0.0884178
0.0884178
0.0884178
0.088418
0.088419
0.0884267
0.0884918
0.0890813
0.0942326
0.0959606
0.0795967
0.0773246
0.0770333
0.0769943
0.0769888
0.076988
0.0769878
0.0769878
0.0769877
0.0769877
0.0769878
0.0769878
0.076988
0.0769888
0.0769943
0.0770333
0.0773246
0.0795967
0.0959606
0.103362
0.0736605
0.0688736
0.0681987
0.0680998
0.0680847
0.0680823
0.0680818
0.0680816
0.0680815
0.0680815
0.0680816
0.0680818
0.0680823
0.0680847
0.0680998
0.0681987
0.0688736
0.0736605
0.103362
0.114403
0.0705436
0.0624091
0.0611765
0.0609821
0.0609503
0.0609447
0.0609435
0.0609431
0.060943
0.060943
0.0609431
0.0609435
0.0609447
0.0609503
0.0609821
0.0611765
0.0624091
0.0705436
0.114403
0.127098
0.0697785
0.0574899
0.0555047
0.0551727
0.0551148
0.0551041
0.0551019
0.0551012
0.0551009
0.0551009
0.0551012
0.0551019
0.0551041
0.0551148
0.0551727
0.0555047
0.0574899
0.0697785
0.127098
0.140148
0.0709199
0.0538131
0.0508674
0.0503507
0.0502558
0.0502375
0.0502335
0.0502324
0.0502321
0.0502321
0.0502324
0.0502335
0.0502375
0.0502558
0.0503507
0.0508674
0.0538131
0.0709199
0.140148
0.152796
0.0735668
0.0511782
0.0470523
0.0462985
0.0461536
0.0461245
0.0461182
0.0461165
0.046116
0.046116
0.0461165
0.0461182
0.0461245
0.0461536
0.0462985
0.0470523
0.0511782
0.0735669
0.152796
0.16466
0.0773508
0.0494451
0.0439107
0.042862
0.0426525
0.0426089
0.0425991
0.0425966
0.0425959
0.0425959
0.0425966
0.0425991
0.0426089
0.0426525
0.042862
0.0439107
0.0494451
0.0773508
0.16466
0.175599
0.0819408
0.0485089
0.0413366
0.0399288
0.0396382
0.0395755
0.0395612
0.0395575
0.0395565
0.0395565
0.0395575
0.0395612
0.0395755
0.0396382
0.0399288
0.0413366
0.0485089
0.0819408
0.175599
0.185615
0.087054
0.0482843
0.0392523
0.0374148
0.0370243
0.0369375
0.0369172
0.036912
0.0369106
0.0369106
0.036912
0.0369172
0.0369375
0.0370243
0.0374148
0.0392523
0.0482843
0.087054
0.185615
0.19478
0.092461
0.0486963
0.0376006
0.0352559
0.0347446
0.0346277
0.0345997
0.0345925
0.0345907
0.0345907
0.0345925
0.0345997
0.0346277
0.0347446
0.0352559
0.0376006
0.0486963
0.092461
0.19478
0.20319
0.0979879
0.049672
0.0363387
0.0334026
0.0327468
0.0325932
0.0325556
0.0325459
0.0325434
0.0325434
0.0325459
0.0325556
0.0325932
0.0327468
0.0334026
0.0363387
0.049672
0.0979879
0.20319
0.210948
0.10351
0.051139
0.0354341
0.0318166
0.03099
0.0307921
0.0307426
0.0307297
0.0307264
0.0307264
0.0307297
0.0307426
0.0307921
0.03099
0.0318166
0.0354341
0.051139
0.10351
0.210948
0.218146
0.108944
0.0530251
0.0348614
0.0304678
0.0294409
0.0291902
0.0291264
0.0291095
0.0291051
0.0291051
0.0291095
0.0291264
0.0291902
0.0294409
0.0304678
0.0348614
0.0530251
0.108944
0.218146
0.224865
0.114237
0.0552589
0.0345996
0.0293331
0.0280732
0.02776
0.0276788
0.0276571
0.0276514
0.0276514
0.0276571
0.0276788
0.02776
0.0280732
0.0293331
0.0345996
0.0552589
0.114237
0.224865
0.231169
0.11936
0.0577714
0.0346304
0.0283943
0.0268653
0.0264788
0.026377
0.0263493
0.0263421
0.0263421
0.0263493
0.026377
0.0264788
0.0268653
0.0283943
0.0346304
0.0577714
0.11936
0.231169
0.237103
0.124294
0.0604964
0.034936
0.0276375
0.0257998
0.0253279
0.0252018
0.0251671
0.0251579
0.0251579
0.0251671
0.0252018
0.0253279
0.0257998
0.0276375
0.034936
0.0604964
0.124294
0.237102
0.242676
0.129016
0.0633679
0.0354966
0.0270513
0.0248625
0.0242917
0.0241371
0.024094
0.0240826
0.0240826
0.024094
0.0241371
0.0242917
0.0248625
0.0270513
0.0354967
0.0633679
0.129016
0.242674
0.247813
0.133465
0.0663063
0.0362839
0.026626
0.0240425
0.0233581
0.0231704
0.0231175
0.0231034
0.0231034
0.0231175
0.0231704
0.0233581
0.0240425
0.026626
0.0362839
0.0663062
0.133465
0.247811
0.252086
0.137337
0.0690898
0.0372093
0.0263441
0.0233376
0.0225281
0.0223035
0.0222395
0.0222222
0.0222222
0.0222395
0.0223035
0.0225281
0.0233376
0.0263442
0.0372094
0.0690897
0.137337
0.252083
0.0942326
0.0890813
0.0884918
0.0884267
0.088419
0.088418
0.0884178
0.0884178
0.0884178
0.0884178
0.0884178
0.0884178
0.0884178
0.0884178
0.088418
0.088419
0.0884267
0.0884918
0.0890813
0.0942326
0.0959606
0.0795967
0.0773246
0.0770333
0.0769943
0.0769888
0.076988
0.0769878
0.0769878
0.0769877
0.0769877
0.0769878
0.0769878
0.076988
0.0769888
0.0769943
0.0770333
0.0773246
0.0795967
0.0959606
0.103362
0.0736605
0.0688736
0.0681987
0.0680998
0.0680847
0.0680823
0.0680818
0.0680816
0.0680815
0.0680815
0.0680816
0.0680818
0.0680823
0.0680847
0.0680998
0.0681987
0.0688736
0.0736605
0.103362
0.114403
0.0705436
0.0624091
0.0611765
0.0609821
0.0609503
0.0609447
0.0609435
0.0609431
0.060943
0.060943
0.0609431
0.0609435
0.0609447
0.0609503
0.0609821
0.0611765
0.0624091
0.0705436
0.114403
0.127098
0.0697785
0.0574899
0.0555047
0.0551727
0.0551148
0.0551041
0.0551019
0.0551012
0.0551009
0.0551009
0.0551012
0.0551019
0.0551041
0.0551148
0.0551727
0.0555047
0.0574899
0.0697785
0.127098
0.140148
0.0709199
0.0538131
0.0508674
0.0503507
0.0502558
0.0502375
0.0502335
0.0502324
0.0502321
0.0502321
0.0502324
0.0502335
0.0502375
0.0502558
0.0503507
0.0508674
0.0538131
0.0709199
0.140148
0.152796
0.0735668
0.0511782
0.0470523
0.0462985
0.0461536
0.0461245
0.0461182
0.0461165
0.046116
0.046116
0.0461165
0.0461182
0.0461245
0.0461536
0.0462985
0.0470523
0.0511782
0.0735668
0.152796
0.16466
0.0773508
0.0494451
0.0439107
0.042862
0.0426525
0.0426089
0.0425991
0.0425966
0.0425959
0.0425959
0.0425966
0.0425991
0.0426089
0.0426525
0.042862
0.0439107
0.0494451
0.0773508
0.16466
0.175599
0.0819408
0.0485089
0.0413366
0.0399288
0.0396382
0.0395755
0.0395612
0.0395575
0.0395565
0.0395565
0.0395575
0.0395612
0.0395755
0.0396382
0.0399288
0.0413366
0.0485089
0.0819408
0.175599
0.185615
0.087054
0.0482843
0.0392523
0.0374148
0.0370243
0.0369375
0.0369172
0.036912
0.0369106
0.0369106
0.036912
0.0369172
0.0369375
0.0370243
0.0374148
0.0392523
0.0482843
0.087054
0.185615
0.19478
0.092461
0.0486963
0.0376006
0.0352559
0.0347446
0.0346277
0.0345997
0.0345925
0.0345907
0.0345907
0.0345925
0.0345997
0.0346277
0.0347446
0.0352559
0.0376006
0.0486963
0.092461
0.19478
0.20319
0.0979879
0.049672
0.0363387
0.0334026
0.0327468
0.0325932
0.0325556
0.0325459
0.0325434
0.0325434
0.0325459
0.0325556
0.0325932
0.0327468
0.0334026
0.0363387
0.049672
0.0979879
0.20319
0.210948
0.10351
0.051139
0.0354341
0.0318166
0.03099
0.0307921
0.0307426
0.0307297
0.0307264
0.0307264
0.0307297
0.0307426
0.0307921
0.03099
0.0318166
0.0354341
0.051139
0.10351
0.210948
0.218146
0.108944
0.0530251
0.0348614
0.0304678
0.0294409
0.0291902
0.0291264
0.0291095
0.0291051
0.0291051
0.0291095
0.0291264
0.0291902
0.0294409
0.0304678
0.0348614
0.0530251
0.108944
0.218146
0.224865
0.114238
0.055259
0.0345997
0.0293331
0.0280732
0.02776
0.0276788
0.0276571
0.0276514
0.0276514
0.0276571
0.0276788
0.02776
0.0280732
0.0293331
0.0345996
0.0552589
0.114237
0.224865
0.231169
0.11936
0.0577715
0.0346305
0.0283944
0.0268653
0.0264788
0.026377
0.0263493
0.0263421
0.0263421
0.0263493
0.026377
0.0264788
0.0268653
0.0283943
0.0346304
0.0577714
0.11936
0.231169
0.237103
0.124294
0.0604966
0.0349361
0.0276375
0.0257998
0.0253279
0.0252018
0.0251671
0.0251579
0.0251579
0.0251671
0.0252018
0.0253279
0.0257998
0.0276375
0.034936
0.0604965
0.124294
0.237103
0.242676
0.129017
0.0633682
0.0354968
0.0270513
0.0248625
0.0242917
0.0241371
0.024094
0.0240826
0.0240826
0.024094
0.0241371
0.0242917
0.0248625
0.0270513
0.0354967
0.0633681
0.129016
0.242675
0.247814
0.133466
0.0663068
0.0362841
0.0266261
0.0240425
0.0233581
0.0231704
0.0231175
0.0231034
0.0231034
0.0231175
0.0231704
0.0233581
0.0240425
0.0266261
0.0362841
0.0663066
0.133466
0.247813
0.252087
0.137339
0.0690907
0.0372097
0.0263442
0.0233376
0.0225281
0.0223035
0.0222395
0.0222222
0.0222222
0.0222395
0.0223035
0.0225281
0.0233376
0.0263442
0.0372096
0.0690904
0.137338
0.252086
)
;
    }
    frontAndBack
    {
        type            empty;
    }
}


// ************************************************************************* //
