/*--------------------------------*- C++ -*----------------------------------*\
  =========                 |
  \\      /  F ield         | OpenFOAM: The Open Source CFD Toolbox
   \\    /   O peration     | Website:  https://openfoam.org
    \\  /    A nd           | Version:  9
     \\/     M anipulation  |
\*---------------------------------------------------------------------------*/
FoamFile
{
    format      ascii;
    class       volScalarField;
    location    "200";
    object      p;
}
// * * * * * * * * * * * * * * * * * * * * * * * * * * * * * * * * * * * * * //

dimensions      [0 2 -2 0 0 0 0];

internalField   nonuniform List<scalar> 
8000
(
0.0642394
0.0446725
0.0299848
0.0229867
0.0185629
0.0146148
0.0114047
0.0090862
0.00739732
0.00608859
0.0050367
0.00416765
0.00341752
0.0027374
0.0020993
0.00148879
0.000920209
0.000384183
9.47837e-05
-0.000488213
-0.00712357
-0.00394367
0.000726184
0.00482535
0.00769614
0.00935411
0.010105
0.0102355
0.00992266
0.00930539
0.00851028
0.00763016
0.00671912
0.00580585
0.00490658
0.00402358
0.00316185
0.00229239
0.001505
0.000308578
0.00695344
0.0128281
0.0152465
0.0148296
0.0139775
0.0131205
0.0121526
0.0111388
0.0101484
0.0091901
0.00826106
0.00736144
0.00648817
0.00563503
0.00479608
0.00396356
0.00313386
0.00228425
0.00145029
0.000387834
0.00867175
0.00943955
0.00979619
0.00975563
0.00978845
0.00979279
0.00960758
0.009258
0.00879945
0.0082538
0.00763709
0.00696837
0.00626251
0.00552836
0.00477106
0.00399195
0.00319049
0.00235748
0.00149174
0.000557686
0.00887023
0.00917914
0.00973768
0.0100256
0.010037
0.00987366
0.00955945
0.00912733
0.00861552
0.00804492
0.00742771
0.00677444
0.00609263
0.00538628
0.0046571
0.00390505
0.00312804
0.00232474
0.00147841
0.000689334
0.00885447
0.00897498
0.00924841
0.00936849
0.0093108
0.00915141
0.00889897
0.00855208
0.00812606
0.00763573
0.00709118
0.00650117
0.00587298
0.00521173
0.00452065
0.0038018
0.00305482
0.00228508
0.00146981
0.000786964
0.00874843
0.00878488
0.00893341
0.00901094
0.00896461
0.00882082
0.0085867
0.00826445
0.00786606
0.00740421
0.00688817
0.00632564
0.00572317
0.00508574
0.00441694
0.00371972
0.00299473
0.00225101
0.00146273
0.000848459
0.00862892
0.00862926
0.00871487
0.00875239
0.00869176
0.00854468
0.00831837
0.00801508
0.00764156
0.00720629
0.0067166
0.00617899
0.00559934
0.00498259
0.00433275
0.00365362
0.00294675
0.00222338
0.00145614
0.000883153
0.00853679
0.00852174
0.00857643
0.00859021
0.008521
0.00837437
0.00815447
0.00786263
0.00750341
0.00708338
0.00660892
0.00608597
0.00552002
0.00491598
0.00427808
0.00361059
0.00291558
0.00220531
0.00145159
0.000900906
0.00848781
0.00846666
0.00850842
0.00851124
0.00843738
0.00829031
0.00807273
0.00778574
0.00743314
0.00702054
0.00655371
0.00603822
0.00547931
0.00488185
0.00425015
0.00358869
0.00289976
0.00219605
0.00144902
0.0009081
0.00848781
0.00846666
0.00850842
0.00851124
0.00843738
0.00829031
0.00807273
0.00778574
0.00743314
0.00702054
0.00655371
0.00603821
0.00547931
0.00488185
0.00425015
0.00358869
0.00289976
0.00219605
0.00144902
0.0009081
0.00853679
0.00852174
0.00857643
0.00859021
0.008521
0.00837437
0.00815447
0.00786263
0.00750341
0.00708338
0.00660892
0.00608597
0.00552001
0.00491597
0.00427808
0.00361059
0.00291558
0.00220531
0.00145159
0.000900905
0.00862892
0.00862927
0.00871487
0.0087524
0.00869176
0.00854468
0.00831837
0.00801508
0.00764156
0.00720628
0.00671659
0.00617899
0.00559934
0.00498259
0.00433275
0.00365362
0.00294675
0.00222338
0.00145614
0.000883151
0.00874844
0.00878488
0.00893341
0.00901094
0.00896461
0.00882082
0.0085867
0.00826445
0.00786606
0.0074042
0.00688817
0.00632564
0.00572316
0.00508574
0.00441694
0.00371971
0.00299472
0.00225101
0.00146272
0.000848457
0.00885448
0.00897498
0.00924841
0.00936849
0.0093108
0.00915141
0.00889897
0.00855208
0.00812606
0.00763572
0.00709118
0.00650116
0.00587297
0.00521172
0.00452065
0.00380179
0.00305482
0.00228508
0.00146981
0.000786961
0.00887024
0.00917915
0.00973769
0.0100256
0.0100371
0.00987366
0.00955945
0.00912732
0.00861552
0.00804491
0.0074277
0.00677443
0.00609263
0.00538627
0.00465709
0.00390504
0.00312804
0.00232473
0.00147841
0.00068933
0.00867176
0.00943956
0.00979619
0.00975563
0.00978845
0.00979279
0.00960758
0.009258
0.00879945
0.00825379
0.00763708
0.00696836
0.0062625
0.00552835
0.00477105
0.00399194
0.00319048
0.00235747
0.00149174
0.000557681
0.00695346
0.0128281
0.0152465
0.0148296
0.0139775
0.0131205
0.0121526
0.0111388
0.0101484
0.0091901
0.00826105
0.00736143
0.00648816
0.00563502
0.00479607
0.00396355
0.00313385
0.00228424
0.00145028
0.000387827
-0.00712355
-0.00394366
0.000726193
0.00482536
0.00769614
0.00935411
0.010105
0.0102355
0.00992266
0.00930538
0.00851027
0.00763015
0.00671911
0.00580583
0.00490656
0.00402357
0.00316184
0.00229237
0.00150498
0.000308561
0.0642394
0.0446725
0.0299848
0.0229868
0.0185629
0.0146148
0.0114047
0.0090862
0.00739731
0.00608858
0.00503668
0.00416764
0.00341751
0.00273739
0.00209929
0.00148879
0.000920213
0.000384196
9.48036e-05
-0.000488193
0.0632068
0.0444187
0.0297912
0.0228194
0.0187207
0.0151191
0.012133
0.00991756
0.00824469
0.00689426
0.0057682
0.00481326
0.00397945
0.00322526
0.00252545
0.00186498
0.00125835
0.000681012
0.000355814
-0.000374924
-0.00901705
-0.00526128
-0.00057436
0.00294076
0.00514704
0.00650902
0.00735085
0.00782297
0.00796958
0.00783154
0.00747447
0.00696182
0.00634026
0.00564362
0.00489762
0.00411983
0.00333164
0.00250028
0.00172434
0.000440371
0.00614941
0.0122095
0.014645
0.0140851
0.0130088
0.0120036
0.0109897
0.0100063
0.00910441
0.00827324
0.00748847
0.00673388
0.00599666
0.0052658
0.00453355
0.00379291
0.0030419
0.00225314
0.00146084
0.000422967
0.00774752
0.00856999
0.00883021
0.00864899
0.00855556
0.00849237
0.00830707
0.00801343
0.00765353
0.00723375
0.00675478
0.00622455
0.00565118
0.00503991
0.00439418
0.00371509
0.00300208
0.00224482
0.00143468
0.000561185
0.00809266
0.00858018
0.00914494
0.00937941
0.0093252
0.00910004
0.00874626
0.00830388
0.00781057
0.00728286
0.00672649
0.00614573
0.00554306
0.00491864
0.00427136
0.0035992
0.00289797
0.00216534
0.00137093
0.000655615
0.0081798
0.00847577
0.0087305
0.00877138
0.00864593
0.00843744
0.00815777
0.00780615
0.00739593
0.00693889
0.00644135
0.00590821
0.00534359
0.00475008
0.00412887
0.00348036
0.00280197
0.00209865
0.00133047
0.000724981
0.00813908
0.00835586
0.00849692
0.00851068
0.00841543
0.00823646
0.00797856
0.00764589
0.00725118
0.00680642
0.00631923
0.00579529
0.00523918
0.00465412
0.00404195
0.0034041
0.00273879
0.00205482
0.00130712
0.000768313
0.00806317
0.00824734
0.00833059
0.00830734
0.00820022
0.00802012
0.00777059
0.00745538
0.00708198
0.00665828
0.00619048
0.00568375
0.00514255
0.00457045
0.00397007
0.00334386
0.00269103
0.00202272
0.00129151
0.000791972
0.00799786
0.00816811
0.00822348
0.00817924
0.00806653
0.00788992
0.00764853
0.0073446
0.00698349
0.00657152
0.0061144
0.0056172
0.0050844
0.00451983
0.00392649
0.00330747
0.00266251
0.0020039
0.00128302
0.000804058
0.00796162
0.0081263
0.00817021
0.00811635
0.00800015
0.00782409
0.00758545
0.00728608
0.00693067
0.00652467
0.00607332
0.00558147
0.00505348
0.00449325
0.00390395
0.00328893
0.00264822
0.00199453
0.00127884
0.000808855
0.00796162
0.0081263
0.00817021
0.00811635
0.00800015
0.00782409
0.00758545
0.00728608
0.00693067
0.00652467
0.00607332
0.00558147
0.00505348
0.00449325
0.00390395
0.00328893
0.00264822
0.00199453
0.00127884
0.000808854
0.00799786
0.00816811
0.00822348
0.00817924
0.00806653
0.00788992
0.00764853
0.0073446
0.00698349
0.00657151
0.0061144
0.0056172
0.0050844
0.00451982
0.00392649
0.00330747
0.00266251
0.00200389
0.00128301
0.000804057
0.00806318
0.00824735
0.0083306
0.00830734
0.00820022
0.00802013
0.00777059
0.00745538
0.00708198
0.00665827
0.00619048
0.00568375
0.00514254
0.00457045
0.00397006
0.00334385
0.00269102
0.00202272
0.0012915
0.00079197
0.00813909
0.00835587
0.00849693
0.00851068
0.00841543
0.00823646
0.00797856
0.00764588
0.00725118
0.00680641
0.00631923
0.00579529
0.00523918
0.00465411
0.00404194
0.00340409
0.00273879
0.00205482
0.00130712
0.000768311
0.00817981
0.00847577
0.0087305
0.00877138
0.00864594
0.00843744
0.00815777
0.00780615
0.00739592
0.00693889
0.00644135
0.0059082
0.00534358
0.00475007
0.00412886
0.00348036
0.00280196
0.00209864
0.00133047
0.000724978
0.00809267
0.00858019
0.00914495
0.00937941
0.00932521
0.00910004
0.00874626
0.00830387
0.00781057
0.00728285
0.00672648
0.00614572
0.00554305
0.00491863
0.00427135
0.00359919
0.00289797
0.00216534
0.00137092
0.000655611
0.00774753
0.00857
0.00883022
0.008649
0.00855556
0.00849237
0.00830707
0.00801343
0.00765353
0.00723374
0.00675477
0.00622454
0.00565117
0.0050399
0.00439417
0.00371508
0.00300207
0.00224481
0.00143467
0.000561178
0.00614942
0.0122095
0.014645
0.0140851
0.0130088
0.0120036
0.0109897
0.0100063
0.0091044
0.00827323
0.00748847
0.00673386
0.00599664
0.00526579
0.00453354
0.0037929
0.00304189
0.00225312
0.00146083
0.000422958
-0.00901703
-0.00526127
-0.000574349
0.00294077
0.00514704
0.00650902
0.00735085
0.00782297
0.00796958
0.00783154
0.00747446
0.0069618
0.00634025
0.0056436
0.0048976
0.00411982
0.00333162
0.00250026
0.00172432
0.00044035
0.0632069
0.0444188
0.0297912
0.0228194
0.0187207
0.0151191
0.012133
0.00991755
0.00824468
0.00689425
0.00576819
0.00481325
0.00397944
0.00322525
0.00252544
0.00186498
0.00125835
0.000681025
0.000355834
-0.000374904
0.0629439
0.0436834
0.028892
0.0219359
0.0179758
0.014568
0.0117672
0.00970689
0.00815414
0.00688733
0.00581252
0.00488583
0.0040675
0.0033242
0.00263663
0.00199195
0.00140464
0.000839652
0.000512227
-0.000277587
-0.00978871
-0.00608784
-0.00150126
0.001822
0.00374972
0.00481355
0.00540282
0.00571232
0.005807
0.00572481
0.00551249
0.00520824
0.00483328
0.0043992
0.0039156
0.00338679
0.00282553
0.00219268
0.00158181
0.000446954
0.00574656
0.0117748
0.014123
0.0134708
0.0122997
0.0112072
0.010118
0.00906732
0.0081133
0.00725654
0.00647883
0.00576492
0.00509919
0.00446489
0.00384738
0.00323245
0.00261182
0.00195426
0.00128468
0.000397753
0.0072288
0.00790119
0.00805652
0.00778453
0.00759001
0.00743031
0.00716925
0.006825
0.00644383
0.00603494
0.00559759
0.00513598
0.00465381
0.00415132
0.00362705
0.00307781
0.00249938
0.00188106
0.00120677
0.000496817
0.00759803
0.0079619
0.0084515
0.00863144
0.008529
0.00825997
0.00786871
0.00739643
0.00688362
0.00635118
0.00580809
0.00525999
0.00470918
0.00415431
0.00359185
0.0030173
0.00242367
0.00180898
0.00113492
0.000556285
0.0077109
0.00787817
0.00805423
0.00803877
0.00786097
0.0076039
0.00728571
0.00690922
0.00648871
0.00603682
0.00556024
0.00506354
0.00455009
0.00402147
0.00347747
0.00291724
0.00233644
0.00174121
0.00108462
0.000593774
0.00769675
0.0077895
0.00785954
0.00782754
0.00769218
0.0074771
0.00719036
0.0068384
0.00643506
0.00599346
0.00552214
0.00502711
0.00451282
0.00398205
0.00343583
0.00287483
0.00229585
0.00170893
0.0010626
0.000617962
0.0076425
0.00770726
0.00772391
0.00765914
0.0075153
0.00730129
0.00702379
0.00668945
0.00630732
0.00588628
0.00543317
0.00495325
0.00445078
0.0039289
0.00338954
0.00283454
0.00226191
0.00168403
0.00104771
0.000629834
0.00759206
0.00764643
0.00763836
0.00755573
0.00740943
0.00720186
0.00693484
0.00661309
0.00624354
0.0058335
0.00538941
0.00491663
0.00441957
0.00390173
0.00336556
0.0028136
0.00224446
0.00167166
0.00104113
0.000636267
0.00756332
0.00761399
0.00759605
0.0075053
0.00735688
0.00715098
0.0068874
0.00657041
0.00620634
0.00580175
0.00536263
0.00489414
0.00440062
0.00388565
0.00335187
0.00280209
0.00223525
0.00166527
0.00103784
0.00063871
0.00756332
0.00761399
0.00759605
0.0075053
0.00735688
0.00715098
0.0068874
0.00657041
0.00620634
0.00580175
0.00536263
0.00489413
0.00440062
0.00388565
0.00335187
0.00280209
0.00223525
0.00166527
0.00103784
0.00063871
0.00759206
0.00764644
0.00763836
0.00755573
0.00740943
0.00720186
0.00693484
0.00661309
0.00624354
0.0058335
0.00538941
0.00491663
0.00441956
0.00390173
0.00336556
0.0028136
0.00224446
0.00167166
0.00104113
0.000636266
0.00764251
0.00770727
0.00772392
0.00765914
0.0075153
0.00730129
0.00702379
0.00668945
0.00630732
0.00588628
0.00543316
0.00495325
0.00445077
0.0039289
0.00338953
0.00283454
0.0022619
0.00168403
0.00104771
0.000629833
0.00769676
0.0077895
0.00785955
0.00782755
0.00769218
0.0074771
0.00719036
0.0068384
0.00643506
0.00599346
0.00552214
0.0050271
0.00451282
0.00398204
0.00343583
0.00287482
0.00229584
0.00170893
0.0010626
0.00061796
0.00771091
0.00787818
0.00805424
0.00803877
0.00786098
0.0076039
0.00728571
0.00690922
0.0064887
0.00603682
0.00556024
0.00506353
0.00455008
0.00402146
0.00347746
0.00291723
0.00233643
0.0017412
0.00108461
0.000593771
0.00759804
0.00796191
0.00845151
0.00863144
0.00852901
0.00825997
0.00786871
0.00739643
0.00688362
0.00635118
0.00580808
0.00525999
0.00470918
0.0041543
0.00359184
0.00301729
0.00242366
0.00180898
0.00113491
0.000556281
0.00722881
0.00790121
0.00805653
0.00778453
0.00759002
0.00743031
0.00716925
0.006825
0.00644383
0.00603493
0.00559758
0.00513597
0.0046538
0.00415131
0.00362704
0.0030778
0.00249937
0.00188105
0.00120676
0.000496811
0.00574658
0.0117748
0.014123
0.0134708
0.0122997
0.0112072
0.010118
0.00906732
0.0081133
0.00725653
0.00647883
0.00576491
0.00509918
0.00446488
0.00384736
0.00323243
0.00261181
0.00195425
0.00128467
0.000397746
-0.00978869
-0.00608783
-0.00150125
0.00182201
0.00374972
0.00481355
0.00540282
0.00571232
0.005807
0.00572481
0.00551248
0.00520823
0.00483326
0.00439919
0.00391558
0.00338677
0.00282551
0.00219266
0.00158178
0.000446935
0.0629439
0.0436834
0.028892
0.0219359
0.0179758
0.014568
0.0117672
0.00970689
0.00815413
0.00688732
0.00581251
0.00488582
0.00406748
0.00332419
0.00263662
0.00199194
0.00140464
0.000839661
0.000512245
-0.000277569
0.0624093
0.0429969
0.0281461
0.0212116
0.0173083
0.013963
0.0112195
0.0092135
0.00771582
0.00650483
0.00548586
0.00461522
0.00385361
0.00316791
0.00253885
0.0019531
0.00142236
0.000908547
0.000595215
-0.000157303
-0.0104217
-0.00679449
-0.00228745
0.000968267
0.00283097
0.00382899
0.0043503
0.00459227
0.00462554
0.00449411
0.00425035
0.00393738
0.00357987
0.00319093
0.00278023
0.0023509
0.00191412
0.00143565
0.00100722
0.000204488
0.00521755
0.0112158
0.0135295
0.0128545
0.0116681
0.0105608
0.00945494
0.00838497
0.00740984
0.00653269
0.00573827
0.00501491
0.00435126
0.00373455
0.00315331
0.00259571
0.0020549
0.00150564
0.000967309
0.000297672
0.00668202
0.00728498
0.00738555
0.0070739
0.00684368
0.00665199
0.00636453
0.00599845
0.00559964
0.0051789
0.00473752
0.00428198
0.00381849
0.00334969
0.00287603
0.00239614
0.00190727
0.0014042
0.000869469
0.000366085
0.00706192
0.00736614
0.00781276
0.00796205
0.00783281
0.00754302
0.00713864
0.00665948
0.00614422
0.00561313
0.00507558
0.00453853
0.00400647
0.00348068
0.00296025
0.0024433
0.00192488
0.00140759
0.000852669
0.00042473
0.00718347
0.00728658
0.00741797
0.00737513
0.00717361
0.00689526
0.00656042
0.00617305
0.00574786
0.00529803
0.00483089
0.0043516
0.00386439
0.00337194
0.00287539
0.00237554
0.0018694
0.00136637
0.000820552
0.000447636
0.00718087
0.00720928
0.00723678
0.00718133
0.00702584
0.00679267
0.0064926
0.00613328
0.00572873
0.00529233
0.00483312
0.00435762
0.00387098
0.00337687
0.00287738
0.00237445
0.00186586
0.00136384
0.000818739
0.000465771
0.00713742
0.00713781
0.00711243
0.00702567
0.00686348
0.00663282
0.00634278
0.0060012
0.0056177
0.00520183
0.00476116
0.00430157
0.00382785
0.00334374
0.00285175
0.00235456
0.0018507
0.00135398
0.000813509
0.000473106
0.0070951
0.00708537
0.00703579
0.00693227
0.00676903
0.00654611
0.00626764
0.00593957
0.00556937
0.00516505
0.00473378
0.00428154
0.00381329
0.00333307
0.0028438
0.00234866
0.00184659
0.00135207
0.000813587
0.000478047
0.00707068
0.00705744
0.00699828
0.0068871
0.00672234
0.00650164
0.00622701
0.00590395
0.00553934
0.00514048
0.00471412
0.00426612
0.00380137
0.00332393
0.00283686
0.0023435
0.00184298
0.00135004
0.000812962
0.000479861
0.00707068
0.00705744
0.00699828
0.0068871
0.00672234
0.00650164
0.00622701
0.00590395
0.00553934
0.00514048
0.00471412
0.00426612
0.00380137
0.00332393
0.00283686
0.0023435
0.00184297
0.00135004
0.000812961
0.000479861
0.0070951
0.00708537
0.0070358
0.00693227
0.00676903
0.00654611
0.00626764
0.00593957
0.00556937
0.00516505
0.00473377
0.00428153
0.00381328
0.00333306
0.0028438
0.00234866
0.00184659
0.00135207
0.000813586
0.000478046
0.00713743
0.00713782
0.00711243
0.00702567
0.00686348
0.00663283
0.00634278
0.0060012
0.0056177
0.00520183
0.00476116
0.00430157
0.00382785
0.00334373
0.00285174
0.00235456
0.0018507
0.00135398
0.000813508
0.000473105
0.00718088
0.00720929
0.00723679
0.00718133
0.00702584
0.00679267
0.0064926
0.00613328
0.00572873
0.00529233
0.00483312
0.00435762
0.00387097
0.00337687
0.00287737
0.00237444
0.00186586
0.00136384
0.000818737
0.000465769
0.00718349
0.00728659
0.00741797
0.00737513
0.00717361
0.00689526
0.00656042
0.00617305
0.00574785
0.00529803
0.00483088
0.00435159
0.00386438
0.00337194
0.00287539
0.00237554
0.0018694
0.00136636
0.000820549
0.000447634
0.00706194
0.00736615
0.00781277
0.00796205
0.00783281
0.00754302
0.00713864
0.00665948
0.00614422
0.00561313
0.00507557
0.00453852
0.00400646
0.00348067
0.00296024
0.00244329
0.00192487
0.00140759
0.000852664
0.000424727
0.00668203
0.00728499
0.00738556
0.0070739
0.00684369
0.006652
0.00636453
0.00599844
0.00559964
0.0051789
0.00473752
0.00428197
0.00381847
0.00334968
0.00287602
0.00239613
0.00190726
0.00140419
0.000869462
0.000366081
0.00521757
0.0112158
0.0135295
0.0128545
0.0116681
0.0105608
0.00945495
0.00838497
0.00740983
0.00653269
0.00573826
0.0050149
0.00435125
0.00373454
0.0031533
0.0025957
0.00205489
0.00150564
0.000967302
0.000297667
-0.0104217
-0.00679447
-0.00228744
0.000968275
0.00283097
0.00382899
0.0043503
0.00459227
0.00462554
0.00449411
0.00425034
0.00393737
0.00357986
0.00319092
0.00278021
0.00235088
0.0019141
0.00143564
0.00100721
0.000204476
0.0624093
0.0429969
0.0281461
0.0212116
0.0173083
0.013963
0.0112195
0.0092135
0.00771582
0.00650482
0.00548585
0.00461521
0.0038536
0.0031679
0.00253884
0.00195309
0.00142235
0.000908555
0.000595234
-0.000157288
0.0618759
0.0424144
0.0275479
0.0206319
0.0167586
0.0134426
0.0107269
0.00875016
0.00728445
0.00610815
0.00512665
0.00429695
0.00358049
0.00294457
0.00236976
0.00184229
0.00137037
0.000915177
0.000627569
-6.46606e-05
-0.0109676
-0.00736863
-0.00288709
0.000352748
0.00220165
0.00318633
0.00369551
0.00392697
0.0039512
0.00381205
0.00356242
0.00324681
0.0028918
0.00251252
0.00212076
0.00172239
0.00133157
0.000924539
0.000598225
2.14147e-05
0.00469732
0.0106727
0.0129731
0.0122995
0.0111223
0.0100268
0.0089325
0.0078725
0.00690559
0.00603544
0.00524764
0.00453182
0.00387837
0.00327661
0.00271738
0.0021919
0.00169639
0.00121367
0.000759827
0.000240051
0.0061621
0.00673482
0.00681305
0.00648883
0.00624986
0.00605283
0.00576442
0.00540166
0.0050097
0.00459864
0.00416937
0.00372842
0.00328271
0.00283623
0.00239131
0.00194934
0.00151061
0.0010766
0.000631773
0.000268188
0.0065487
0.00682578
0.0072543
0.00739473
0.0072598
0.00696811
0.00656675
0.00609505
0.0055909
0.00507401
0.00455344
0.00403611
0.00352686
0.00302784
0.00253948
0.00206202
0.00159288
0.00113907
0.000664603
0.00033267
0.00667505
0.00674935
0.00686155
0.00680989
0.00660289
0.00632232
0.00598963
0.00560861
0.00519348
0.00475723
0.00430725
0.00384889
0.00338677
0.00292424
0.00246332
0.00200621
0.00155145
0.00111089
0.000642835
0.000344538
0.00667787
0.00667678
0.00668533
0.00662192
0.00646146
0.00622619
0.00592859
0.00557637
0.00518303
0.0047617
0.0043214
0.00386879
0.00340931
0.00294714
0.00248505
0.00202596
0.0015687
0.00112668
0.000655119
0.000360141
0.00663939
0.00660945
0.00656469
0.00647001
0.00630299
0.00607039
0.00578301
0.00544876
0.00507671
0.0046762
0.0042548
0.00381862
0.00337274
0.0029214
0.00246764
0.00201489
0.00156234
0.00112427
0.000654991
0.000364681
0.00660086
0.00656024
0.00649101
0.00637967
0.00621181
0.00598714
0.00571151
0.00539101
0.00503263
0.00464412
0.00423266
0.0038044
0.00336457
0.00291762
0.00246694
0.0020163
0.00156513
0.00112808
0.0006589
0.000369002
0.00657848
0.00653407
0.0064551
0.0063361
0.0061668
0.0059444
0.00567268
0.00535729
0.00500463
0.00462173
0.00421536
0.00379152
0.00335536
0.00291135
0.00246296
0.00201407
0.00156424
0.00112821
0.000659589
0.000370465
0.00657848
0.00653407
0.0064551
0.0063361
0.0061668
0.0059444
0.00567268
0.00535729
0.00500463
0.00462173
0.00421536
0.00379152
0.00335536
0.00291135
0.00246296
0.00201407
0.00156424
0.00112821
0.000659589
0.000370465
0.00660086
0.00656024
0.00649102
0.00637967
0.00621182
0.00598714
0.00571151
0.00539101
0.00503263
0.00464412
0.00423266
0.0038044
0.00336457
0.00291762
0.00246694
0.0020163
0.00156513
0.00112807
0.000658899
0.000369001
0.0066394
0.00660945
0.00656469
0.00647001
0.00630299
0.00607039
0.00578301
0.00544876
0.00507671
0.0046762
0.0042548
0.00381861
0.00337274
0.00292139
0.00246764
0.00201489
0.00156233
0.00112427
0.00065499
0.00036468
0.00667788
0.00667679
0.00668534
0.00662193
0.00646147
0.0062262
0.00592859
0.00557637
0.00518303
0.0047617
0.0043214
0.00386879
0.00340931
0.00294714
0.00248504
0.00202596
0.00156869
0.00112668
0.000655117
0.00036014
0.00667506
0.00674936
0.00686156
0.0068099
0.00660289
0.00632232
0.00598963
0.00560861
0.00519347
0.00475723
0.00430724
0.00384889
0.00338677
0.00292423
0.00246331
0.00200621
0.00155145
0.00111088
0.000642832
0.000344537
0.00654872
0.00682579
0.00725431
0.00739473
0.0072598
0.00696811
0.00656675
0.00609505
0.0055909
0.005074
0.00455343
0.0040361
0.00352685
0.00302783
0.00253947
0.00206201
0.00159288
0.00113906
0.000664599
0.000332669
0.00616212
0.00673483
0.00681307
0.00648884
0.00624987
0.00605284
0.00576443
0.00540166
0.0050097
0.00459864
0.00416937
0.00372841
0.0032827
0.00283622
0.0023913
0.00194933
0.00151061
0.00107659
0.000631768
0.000268185
0.00469734
0.0106727
0.0129731
0.0122995
0.0111223
0.0100268
0.0089325
0.0078725
0.00690559
0.00603544
0.00524763
0.00453181
0.00387836
0.00327659
0.00271737
0.00219188
0.00169639
0.00121366
0.000759822
0.000240046
-0.0109675
-0.00736861
-0.00288708
0.000352757
0.00220166
0.00318634
0.00369551
0.00392697
0.00395119
0.00381205
0.00356241
0.00324681
0.00289179
0.00251251
0.00212074
0.00172237
0.00133156
0.000924542
0.000598225
2.14088e-05
0.0618759
0.0424144
0.0275479
0.0206319
0.0167586
0.0134426
0.0107269
0.00875016
0.00728445
0.00610814
0.00512664
0.00429694
0.00358048
0.00294456
0.00236975
0.00184227
0.00137035
0.000915191
0.000627595
-6.46489e-05
0.0614312
0.0419585
0.0270937
0.0201919
0.0163364
0.013038
0.010341
0.00838591
0.00694517
0.00579675
0.00484584
0.00404953
0.00336936
0.00277255
0.00223936
0.00175539
0.00132653
0.000912336
0.000647746
-1.98013e-05
-0.0114109
-0.00781745
-0.0033359
-9.08483e-05
0.00176308
0.00275206
0.00326626
0.00350447
0.00353735
0.00340863
0.00317117
0.00286972
0.0025312
0.00217118
0.00180205
0.00143074
0.00107264
0.000708801
0.000436758
-3.68925e-05
0.00426019
0.0102282
0.0125282
0.0118625
0.0106972
0.00961561
0.00853686
0.00749348
0.00654403
0.00569211
0.0049234
0.00422778
0.00359609
0.00301822
0.00248574
0.00199094
0.00153096
0.00109186
0.000684007
0.000234995
0.0057261
0.00628974
0.00636479
0.00604332
0.00580919
0.00561853
0.00533865
0.00498685
0.00460842
0.00421344
0.00380272
0.00338272
0.00296043
0.00254003
0.00212422
0.00171513
0.00131384
0.00092403
0.000529428
0.000231129
0.00611592
0.00638421
0.00680993
0.0069536
0.00682439
0.00654061
0.00614982
0.00569128
0.00520269
0.00470373
0.00420349
0.00370891
0.00322492
0.00275384
0.00229637
0.0018532
0.00142221
0.00101107
0.000584368
0.000296113
0.00624468
0.0063094
0.00641802
0.00636877
0.00616652
0.00589289
0.00557
0.00520158
0.00480168
0.00438329
0.00395381
0.00351866
0.00308249
0.00264876
0.00221968
0.00179765
0.00138144
0.000982635
0.000561957
0.000298339
0.00624987
0.00623864
0.0062433
0.00618214
0.00602615
0.00579751
0.0055096
0.00517016
0.0047925
0.00438967
0.00397067
0.00354214
0.00310949
0.00267696
0.00224736
0.00182367
0.00140481
0.00100338
0.000577887
0.000310876
0.00621342
0.00617271
0.00612363
0.00603091
0.00586803
0.00564176
0.00536389
0.00504241
0.00468619
0.00430443
0.00390468
0.00349297
0.00307433
0.00265296
0.0022319
0.00181453
0.00140006
0.00100168
0.000577627
0.000312528
0.0061764
0.00612454
0.00605068
0.00594115
0.00577729
0.00555878
0.00529257
0.00498485
0.0046424
0.00427286
0.00388336
0.00347992
0.00306768
0.002651
0.0022332
0.00181792
0.00140457
0.0010066
0.000581929
0.000315754
0.00615482
0.00609892
0.00601515
0.00589787
0.00573247
0.00551616
0.00525379
0.00495117
0.00461448
0.00425065
0.00386636
0.00346749
0.00305907
0.00264544
0.00222998
0.00181643
0.00140426
0.00100701
0.000582549
0.000316643
0.00615482
0.00609892
0.00601515
0.00589787
0.00573247
0.00551616
0.00525379
0.00495117
0.00461448
0.00425065
0.00386636
0.00346749
0.00305907
0.00264544
0.00222998
0.00181643
0.00140425
0.00100701
0.000582549
0.000316643
0.0061764
0.00612454
0.00605068
0.00594115
0.00577729
0.00555879
0.00529257
0.00498485
0.0046424
0.00427286
0.00388336
0.00347992
0.00306768
0.002651
0.00223319
0.00181792
0.00140457
0.0010066
0.000581928
0.000315754
0.00621343
0.00617272
0.00612363
0.00603091
0.00586804
0.00564176
0.00536389
0.00504241
0.00468619
0.00430443
0.00390468
0.00349297
0.00307433
0.00265295
0.0022319
0.00181453
0.00140006
0.00100168
0.000577626
0.000312528
0.00624988
0.00623865
0.00624331
0.00618215
0.00602615
0.00579752
0.0055096
0.00517016
0.0047925
0.00438966
0.00397066
0.00354213
0.00310949
0.00267696
0.00224735
0.00182367
0.00140481
0.00100338
0.000577886
0.000310876
0.0062447
0.00630941
0.00641802
0.00636878
0.00616652
0.00589289
0.00557
0.00520158
0.00480167
0.00438329
0.00395381
0.00351865
0.00308248
0.00264876
0.00221967
0.00179764
0.00138144
0.000982631
0.000561955
0.000298339
0.00611594
0.00638423
0.00680994
0.00695361
0.0068244
0.00654062
0.00614983
0.00569128
0.00520269
0.00470373
0.00420348
0.0037089
0.00322491
0.00275383
0.00229636
0.00185319
0.0014222
0.00101106
0.000584365
0.000296112
0.00572612
0.00628975
0.0063648
0.00604333
0.00580919
0.00561854
0.00533865
0.00498685
0.00460841
0.00421343
0.00380271
0.00338271
0.00296042
0.00254002
0.00212421
0.00171512
0.00131383
0.000924026
0.000529422
0.000231126
0.00426021
0.0102282
0.0125282
0.0118625
0.0106972
0.00961561
0.00853687
0.00749348
0.00654403
0.00569211
0.00492339
0.00422777
0.00359608
0.00301821
0.00248572
0.00199093
0.00153096
0.00109187
0.000684002
0.00023499
-0.0114109
-0.00781744
-0.00333589
-9.08383e-05
0.00176309
0.00275206
0.00326626
0.00350447
0.00353735
0.00340863
0.00317116
0.00286971
0.00253119
0.00217117
0.00180203
0.00143071
0.00107263
0.000708814
0.000436762
-3.68977e-05
0.0614313
0.0419586
0.0270938
0.020192
0.0163364
0.013038
0.010341
0.00838591
0.00694517
0.00579675
0.00484583
0.00404952
0.00336935
0.00277254
0.00223934
0.00175536
0.00132651
0.000912364
0.000647779
-1.97938e-05
0.0610925
0.0416227
0.026766
0.0198761
0.0160338
0.012749
0.0100671
0.00812947
0.00670857
0.00558212
0.00465519
0.0038848
0.00323236
0.00266476
0.00216172
0.00170797
0.00130766
0.000918014
0.000667812
4.48387e-07
-0.0117465
-0.0081492
-0.00365986
-0.000404856
0.00145884
0.00245766
0.00298262
0.00323294
0.00327936
0.00316558
0.00294447
0.00266082
0.00234149
0.00200196
0.00165449
0.00130592
0.000971456
0.000633028
0.000386036
-4.7179e-05
0.00392639
0.00989661
0.012203
0.0115471
0.0103932
0.00932429
0.00825977
0.00723209
0.00629969
0.00546612
0.00471695
0.00404205
0.00343219
0.00287721
0.00236856
0.00189849
0.00146366
0.00105049
0.000664094
0.000243094
0.00539305
0.00595829
0.00603873
0.00572559
0.00550112
0.00532124
0.00505351
0.0047153
0.00435195
0.00397358
0.00358101
0.00318066
0.00277948
0.00238153
0.00198938
0.00160501
0.00122909
0.000865207
0.000495156
0.000222292
0.00578413
0.00605369
0.00648443
0.0066362
0.00651679
0.00624435
0.00586658
0.00542264
0.00495011
0.00446865
0.00398733
0.00351308
0.0030508
0.00260273
0.00216944
0.00175139
0.00134606
0.000960304
0.000558088
0.000286486
0.00591384
0.00597933
0.00609242
0.0060507
0.00585762
0.00559474
0.00528438
0.00493018
0.00454605
0.00414496
0.0037343
0.00331945
0.00290502
0.00249438
0.00208956
0.00169268
0.00130211
0.000928235
0.000532644
0.000283023
0.00591989
0.00590905
0.00591787
0.00586397
0.00571689
0.00549883
0.00522342
0.00489828
0.00453656
0.00415126
0.00375134
0.0033434
0.00293276
0.00252352
0.0021183
0.00171973
0.00132636
0.000949375
0.000548904
0.000293708
0.00588413
0.00584344
0.00579822
0.00571253
0.00555833
0.00534242
0.00507689
0.00476965
0.00442937
0.00406519
0.00368462
0.00329361
0.00289709
0.00249908
0.00210243
0.00171009
0.00132093
0.000946669
0.000547613
0.000293657
0.00584759
0.00579548
0.00572529
0.00562266
0.00546734
0.00525907
0.00500512
0.00471162
0.00438514
0.00403325
0.00366302
0.00328039
0.00289037
0.00249713
0.00210376
0.00171346
0.00132531
0.000951249
0.000551507
0.000296136
0.00582627
0.00576997
0.00568976
0.00557932
0.00542239
0.00521624
0.00496609
0.00467766
0.00435695
0.00401079
0.00364582
0.0032678
0.00288163
0.00249148
0.00210045
0.00171185
0.00132481
0.000951379
0.00055181
0.000296631
0.00582627
0.00576997
0.00568976
0.00557932
0.00542239
0.00521624
0.00496609
0.00467766
0.00435695
0.00401079
0.00364582
0.0032678
0.00288163
0.00249148
0.00210045
0.00171185
0.00132481
0.000951379
0.000551809
0.000296631
0.00584759
0.00579548
0.00572529
0.00562266
0.00546734
0.00525907
0.00500512
0.00471162
0.00438514
0.00403325
0.00366302
0.00328039
0.00289037
0.00249713
0.00210375
0.00171346
0.00132531
0.000951248
0.000551507
0.000296136
0.00588413
0.00584344
0.00579823
0.00571254
0.00555834
0.00534242
0.00507689
0.00476965
0.00442937
0.00406519
0.00368462
0.00329361
0.00289708
0.00249908
0.00210242
0.00171009
0.00132092
0.000946668
0.000547612
0.000293657
0.0059199
0.00590906
0.00591787
0.00586397
0.00571689
0.00549884
0.00522342
0.00489828
0.00453656
0.00415126
0.00375134
0.00334339
0.00293275
0.00252351
0.00211829
0.00171973
0.00132635
0.000949372
0.000548903
0.000293708
0.00591385
0.00597935
0.00609243
0.00605071
0.00585762
0.00559474
0.00528438
0.00493018
0.00454605
0.00414496
0.00373429
0.00331944
0.00290501
0.00249437
0.00208956
0.00169267
0.0013021
0.000928231
0.000532642
0.000283022
0.00578414
0.0060537
0.00648444
0.00663621
0.0065168
0.00624436
0.00586658
0.00542264
0.00495011
0.00446865
0.00398732
0.00351308
0.00305079
0.00260272
0.00216943
0.00175138
0.00134606
0.000960299
0.000558085
0.000286485
0.00539307
0.00595831
0.00603875
0.0057256
0.00550112
0.00532125
0.00505351
0.0047153
0.00435195
0.00397358
0.003581
0.00318066
0.00277947
0.00238152
0.00198937
0.001605
0.00122909
0.000865203
0.00049515
0.00022229
0.0039264
0.00989663
0.012203
0.0115472
0.0103932
0.0093243
0.00825977
0.00723209
0.00629969
0.00546611
0.00471695
0.00404204
0.00343218
0.00287719
0.00236854
0.00189848
0.00146366
0.00105049
0.000664087
0.000243087
-0.0117465
-0.00814918
-0.00365985
-0.000404845
0.00145885
0.00245766
0.00298262
0.00323294
0.00327936
0.00316558
0.00294447
0.00266081
0.00234148
0.00200195
0.00165447
0.0013059
0.000971454
0.000633049
0.000386041
-4.71865e-05
0.0610926
0.0416227
0.026766
0.0198761
0.0160338
0.012749
0.0100671
0.00812947
0.00670857
0.00558212
0.00465518
0.00388479
0.00323235
0.00266475
0.0021617
0.00170793
0.00130765
0.000918056
0.000667848
4.50373e-07
0.0608543
0.0413914
0.0265439
0.0196638
0.0158319
0.0125583
0.00988883
0.00796493
0.00655912
0.00544894
0.00453933
0.0037872
0.00315372
0.00260543
0.0021215
0.00168589
0.00130159
0.000924176
0.000680281
8.25129e-06
-0.0119816
-0.00837768
-0.00387942
-0.000615038
0.00125802
0.00226678
0.00280263
0.00306483
0.00312401
0.00302381
0.00281704
0.00254838
0.00224451
0.00192067
0.00158875
0.00125519
0.000934608
0.000608774
0.000371398
-4.73685e-05
0.0036922
0.00966819
0.0119826
0.0113358
0.0101917
0.00913353
0.0080809
0.00706616
0.00614766
0.00532885
0.0045952
0.00393639
0.00334302
0.00280466
0.00231241
0.0018581
0.0014377
0.00103736
0.000659209
0.000248503
0.00515957
0.00573036
0.00581847
0.00551403
0.00529912
0.00512974
0.00487348
0.00454771
0.00419765
0.00383341
0.00345567
0.00307076
0.00268542
0.0023035
0.00192723
0.00155818
0.00119645
0.000845203
0.000484868
0.000220617
0.00555119
0.00582606
0.00626418
0.0064245
0.00631469
0.00605297
0.00568701
0.00525587
0.00479704
0.00433006
0.0038639
0.00340535
0.00295913
0.00252726
0.00210999
0.00170739
0.00131639
0.000943132
0.000550977
0.000284404
0.00568127
0.00575182
0.00587203
0.00583861
0.00565491
0.00540254
0.00510382
0.00476225
0.00439164
0.00400486
0.00360918
0.00320987
0.00281134
0.00241674
0.00202779
0.00164619
0.00126987
0.000908355
0.000523438
0.000278173
0.00568759
0.0056816
0.00569738
0.00565165
0.00551386
0.00530628
0.00504253
0.00473008
0.00438195
0.00401102
0.00362615
0.00323376
0.00283903
0.00244579
0.00205639
0.00167304
0.00129386
0.00092913
0.000539591
0.000288085
0.00565202
0.00561601
0.00557761
0.00549999
0.00535498
0.00514946
0.00489555
0.00460097
0.00427425
0.00392441
0.00355886
0.00318337
0.0028027
0.00242065
0.00203974
0.00166254
0.00128751
0.00092547
0.000537571
0.000287244
0.0056156
0.00556804
0.00550458
0.00540996
0.00526377
0.00506586
0.00482351
0.00454266
0.00422975
0.00389222
0.003537
0.0031699
0.00279573
0.00241841
0.00204074
0.00166554
0.0012915
0.000929629
0.000541159
0.000289387
0.00559434
0.00554253
0.00546899
0.00536653
0.00521871
0.00502289
0.00478432
0.00450855
0.00420141
0.0038696
0.00351964
0.00315714
0.0027868
0.00241255
0.0020372
0.00166366
0.00129072
0.00092948
0.000541243
0.000289691
0.00559434
0.00554253
0.00546899
0.00536653
0.00521871
0.00502289
0.00478432
0.00450855
0.00420141
0.0038696
0.00351963
0.00315714
0.0027868
0.00241255
0.0020372
0.00166366
0.00129072
0.000929479
0.000541243
0.000289691
0.00561561
0.00556805
0.00550458
0.00540996
0.00526378
0.00506587
0.00482351
0.00454266
0.00422975
0.00389222
0.003537
0.0031699
0.00279572
0.00241841
0.00204074
0.00166554
0.00129149
0.000929627
0.000541158
0.000289387
0.00565203
0.00561601
0.00557761
0.00549999
0.00535498
0.00514947
0.00489555
0.00460097
0.00427425
0.00392441
0.00355885
0.00318337
0.0028027
0.00242064
0.00203973
0.00166253
0.00128751
0.000925468
0.00053757
0.000287244
0.0056876
0.00568161
0.00569739
0.00565166
0.00551386
0.00530629
0.00504253
0.00473008
0.00438195
0.00401102
0.00362614
0.00323376
0.00283902
0.00244579
0.00205639
0.00167303
0.00129386
0.000929128
0.00053959
0.000288085
0.00568128
0.00575183
0.00587204
0.00583862
0.00565491
0.00540255
0.00510382
0.00476225
0.00439164
0.00400485
0.00360918
0.00320986
0.00281134
0.00241673
0.00202779
0.00164619
0.00126987
0.000908351
0.000523436
0.000278173
0.00555121
0.00582607
0.00626419
0.00642451
0.0063147
0.00605297
0.00568701
0.00525587
0.00479704
0.00433005
0.00386389
0.00340535
0.00295913
0.00252725
0.00210998
0.00170738
0.00131639
0.000943127
0.000550974
0.000284403
0.00515959
0.00573038
0.00581849
0.00551404
0.00529913
0.00512974
0.00487349
0.00454771
0.00419765
0.0038334
0.00345567
0.00307075
0.00268541
0.00230349
0.00192722
0.00155817
0.00119645
0.000845198
0.000484861
0.000220615
0.00369222
0.00966821
0.0119826
0.0113358
0.0101917
0.00913354
0.0080809
0.00706616
0.00614766
0.00532885
0.00459519
0.00393638
0.00334301
0.00280465
0.00231239
0.00185809
0.0014377
0.00103736
0.0006592
0.000248495
-0.0119816
-0.00837766
-0.00387941
-0.000615027
0.00125802
0.00226678
0.00280263
0.00306483
0.00312401
0.00302381
0.00281704
0.00254837
0.0022445
0.00192066
0.00158872
0.00125516
0.000934611
0.0006088
0.000371401
-4.73791e-05
0.0608543
0.0413914
0.0265439
0.0196638
0.0158319
0.0125583
0.00988883
0.00796493
0.00655912
0.00544894
0.00453933
0.0037872
0.00315372
0.00260542
0.00212147
0.00168584
0.00130159
0.00092423
0.000680316
8.24769e-06
0.0607047
0.0412483
0.0264082
0.0195351
0.0157108
0.0124454
0.00978485
0.00787054
0.00647494
0.00537547
0.00447698
0.00373622
0.00311413
0.00257697
0.0021035
0.00167718
0.00130038
0.00092791
0.00068593
1.06883e-05
-0.0121287
-0.00851869
-0.00401326
-0.000741892
0.00113816
0.00215451
0.00269866
0.00296973
0.00303826
0.00294777
0.00275098
0.00249241
0.00219856
0.00188441
0.00156155
0.00123605
0.000922175
0.000601527
0.000367212
-4.6776e-05
0.00354589
0.00952738
0.0118484
0.0112084
0.0100715
0.00902123
0.00797716
0.00697159
0.00606276
0.005254
0.00453068
0.00388231
0.00329927
0.00277089
0.00228795
0.00184196
0.00142842
0.00103337
0.000657815
0.000250653
0.00501391
0.00559018
0.00568483
0.00538709
0.00517939
0.00501788
0.00477013
0.0044534
0.00411283
0.00375843
0.00339078
0.00301603
0.00264072
0.00226848
0.00190123
0.00154023
0.00118521
0.000839144
0.00048193
0.00022021
0.00540589
0.00568612
0.00613065
0.0062976
0.00619505
0.00594128
0.00558394
0.00516196
0.00471274
0.00425572
0.00379975
0.00335146
0.00291535
0.00249322
0.00208504
0.00169056
0.00130638
0.000938303
0.000549455
0.000283874
0.00553616
0.005612
0.00573854
0.0057117
0.00553519
0.00529076
0.0050006
0.00466813
0.00430705
0.00393013
0.00354453
0.00315535
0.00276681
0.00238182
0.00200185
0.00162828
0.00125873
0.00090236
0.000521048
0.000276485
0.0055426
0.00554184
0.00556388
0.0055247
0.00539409
0.00519447
0.00493931
0.00463599
0.00429741
0.00393635
0.00356155
0.00317927
0.00279448
0.00241081
0.00203034
0.00165497
0.00128256
0.000922971
0.000537195
0.000286124
0.00550708
0.00547624
0.00544407
0.00537297
0.00523514
0.00503756
0.00479223
0.00450678
0.00418959
0.0038496
0.00349406
0.00312863
0.00275784
0.00238529
0.00201324
0.00164398
0.00127571
0.000918825
0.000534829
0.000284943
0.00547069
0.00542827
0.005371
0.00528289
0.00514387
0.00495389
0.00472014
0.00444842
0.00414505
0.00381735
0.00347215
0.00311508
0.00275075
0.0023829
0.00201406
0.00164677
0.00127948
0.000922784
0.000538292
0.000286957
0.00544944
0.00540274
0.00533539
0.00523943
0.00509877
0.00491088
0.00468091
0.00441426
0.00411666
0.00379468
0.00345472
0.00310224
0.00274174
0.00237693
0.0020104
0.00164475
0.00127855
0.000922497
0.000538278
0.000287178
0.00544944
0.00540274
0.00533539
0.00523943
0.00509877
0.00491088
0.00468091
0.00441426
0.00411666
0.00379468
0.00345472
0.00310224
0.00274174
0.00237693
0.0020104
0.00164475
0.00127855
0.000922497
0.000538278
0.000287178
0.0054707
0.00542827
0.00537101
0.0052829
0.00514387
0.0049539
0.00472014
0.00444842
0.00414504
0.00381735
0.00347215
0.00311507
0.00275075
0.0023829
0.00201406
0.00164677
0.00127948
0.000922783
0.000538291
0.000286957
0.00550709
0.00547625
0.00544408
0.00537298
0.00523514
0.00503756
0.00479224
0.00450678
0.00418959
0.0038496
0.00349406
0.00312862
0.00275784
0.00238528
0.00201324
0.00164398
0.00127571
0.000918823
0.000534828
0.000284943
0.00554261
0.00554185
0.00556389
0.00552471
0.0053941
0.00519447
0.00493931
0.00463599
0.00429741
0.00393635
0.00356154
0.00317926
0.00279447
0.00241081
0.00203033
0.00165496
0.00128255
0.000922969
0.000537194
0.000286123
0.00553617
0.00561202
0.00573855
0.00571171
0.0055352
0.00529076
0.0050006
0.00466813
0.00430705
0.00393013
0.00354453
0.00315534
0.0027668
0.00238182
0.00200184
0.00162828
0.00125873
0.000902355
0.000521046
0.000276484
0.0054059
0.00568614
0.00613066
0.00629761
0.00619505
0.00594129
0.00558394
0.00516196
0.00471274
0.00425572
0.00379975
0.00335145
0.00291534
0.00249321
0.00208504
0.00169056
0.00130637
0.000938297
0.000549451
0.000283873
0.00501393
0.0055902
0.00568484
0.0053871
0.0051794
0.00501789
0.00477014
0.0044534
0.00411283
0.00375843
0.00339078
0.00301602
0.00264072
0.00226847
0.00190122
0.00154023
0.00118521
0.000839139
0.000481923
0.000220208
0.00354591
0.0095274
0.0118484
0.0112085
0.0100715
0.00902123
0.00797717
0.00697159
0.00606276
0.005254
0.00453067
0.0038823
0.00329926
0.00277088
0.00228794
0.00184195
0.00142842
0.00103337
0.000657803
0.000250645
-0.0121287
-0.00851868
-0.00401325
-0.000741881
0.00113817
0.00215452
0.00269866
0.00296973
0.00303826
0.00294777
0.00275098
0.0024924
0.00219856
0.0018844
0.00156152
0.00123603
0.000922183
0.000601558
0.00036721
-4.679e-05
0.0607047
0.0412483
0.0264082
0.0195351
0.0157108
0.0124454
0.00978485
0.00787054
0.00647494
0.00537547
0.00447698
0.00373621
0.00311413
0.00257696
0.00210347
0.00167713
0.00130038
0.000927976
0.000685964
1.06788e-05
0.060633
0.0411803
0.0263443
0.019475
0.0156546
0.0123936
0.00973767
0.00782828
0.00643782
0.00534366
0.00445057
0.00371519
0.00309836
0.00256615
0.00209713
0.00167453
0.00130048
0.00092955
0.000687931
1.13141e-05
-0.0121989
-0.00858544
-0.0040761
-0.000801033
0.00108272
0.00210312
0.00265166
0.00292738
0.00300075
0.00291523
0.00272345
0.00246983
0.00218076
0.00187107
0.00155217
0.00122999
0.000918611
0.000599643
0.000366085
-4.65266e-05
0.00347605
0.00946072
0.0117855
0.0111491
0.010016
0.00896982
0.00793024
0.0069294
0.00602548
0.00522177
0.00450353
0.0038602
0.00328201
0.00275816
0.00227926
0.00183665
0.00142566
0.00103234
0.000657412
0.000251295
0.00494449
0.00552398
0.00562228
0.00532812
0.00512424
0.00496689
0.0047236
0.00441154
0.00407584
0.00372641
0.00336376
0.00299393
0.00262337
0.00225554
0.00189221
0.0015345
0.00118199
0.000837609
0.000481177
0.000220061
0.00533666
0.00562009
0.00606821
0.00623873
0.00614001
0.00589044
0.00553757
0.00512031
0.00467597
0.00422395
0.00377301
0.00332966
0.00289832
0.00248062
0.0020764
0.00168525
0.00130362
0.000937262
0.000549253
0.000283698
0.00546705
0.00554608
0.0056762
0.00565291
0.00548025
0.00524
0.00495432
0.00462654
0.00427031
0.00389834
0.00351772
0.00313343
0.00274959
0.00236899
0.00199292
0.00162265
0.00125565
0.000900987
0.000520608
0.000275923
0.00547355
0.00547596
0.00550158
0.00546596
0.0053392
0.00514378
0.00489311
0.00459449
0.00426077
0.00390466
0.00353481
0.00315741
0.0027773
0.00239799
0.0020214
0.00164932
0.00127946
0.000921594
0.0005368
0.000285489
0.00543806
0.00541039
0.00538179
0.00531425
0.00518026
0.0049869
0.00474607
0.00446531
0.00415296
0.0038179
0.0034673
0.00310671
0.00274058
0.00237235
0.00200416
0.00163817
0.00127245
0.000917294
0.000534324
0.000284191
0.00540169
0.00536241
0.00530872
0.00522417
0.00508901
0.00490325
0.00467399
0.00440697
0.00410844
0.00378568
0.0034454
0.00309316
0.00273347
0.00236993
0.00200494
0.0016409
0.00127617
0.000921204
0.000537763
0.000286168
0.00538044
0.00533689
0.00527311
0.00518071
0.0050439
0.00486024
0.00463477
0.00437283
0.00408006
0.00376301
0.00342797
0.00308031
0.00272444
0.00236393
0.00200123
0.00163884
0.0012752
0.000920875
0.00053772
0.000286362
0.00538044
0.00533689
0.00527311
0.00518072
0.00504391
0.00486024
0.00463477
0.00437283
0.00408006
0.00376301
0.00342797
0.00308031
0.00272444
0.00236392
0.00200123
0.00163884
0.0012752
0.000920875
0.00053772
0.000286362
0.00540169
0.00536242
0.00530873
0.00522418
0.00508901
0.00490325
0.00467399
0.00440697
0.00410844
0.00378568
0.0034454
0.00309316
0.00273347
0.00236993
0.00200494
0.0016409
0.00127617
0.000921203
0.000537762
0.000286168
0.00543807
0.00541039
0.00538179
0.00531425
0.00518027
0.0049869
0.00474607
0.00446531
0.00415296
0.0038179
0.0034673
0.00310671
0.00274058
0.00237234
0.00200416
0.00163816
0.00127245
0.000917292
0.000534323
0.000284191
0.00547356
0.00547597
0.00550159
0.00546597
0.00533921
0.00514378
0.00489311
0.00459449
0.00426076
0.00390465
0.00353481
0.0031574
0.00277729
0.00239798
0.0020214
0.00164931
0.00127946
0.000921591
0.000536799
0.000285489
0.00546706
0.00554609
0.00567621
0.00565292
0.00548025
0.00524001
0.00495432
0.00462654
0.00427031
0.00389834
0.00351771
0.00313342
0.00274958
0.00236898
0.00199292
0.00162264
0.00125565
0.000900983
0.000520606
0.000275923
0.00533668
0.0056201
0.00606822
0.00623874
0.00614002
0.00589044
0.00553758
0.00512031
0.00467597
0.00422395
0.003773
0.00332965
0.00289831
0.00248061
0.00207639
0.00168524
0.00130362
0.000937256
0.000549249
0.000283698
0.00494451
0.005524
0.00562229
0.00532813
0.00512425
0.0049669
0.0047236
0.00441154
0.00407584
0.00372641
0.00336375
0.00299393
0.00262336
0.00225552
0.0018922
0.0015345
0.00118198
0.000837602
0.000481168
0.000220059
0.00347607
0.00946074
0.0117855
0.0111491
0.010016
0.00896983
0.00793024
0.0069294
0.00602548
0.00522177
0.00450353
0.00386019
0.003282
0.00275815
0.00227924
0.00183664
0.00142566
0.00103234
0.000657398
0.000251286
-0.0121988
-0.00858542
-0.00407608
-0.000801022
0.00108273
0.00210313
0.00265166
0.00292738
0.00300075
0.00291523
0.00272344
0.00246982
0.00218075
0.00187105
0.00155214
0.00122996
0.000918625
0.000599676
0.000366079
-4.65438e-05
0.060633
0.0411803
0.0263443
0.019475
0.0156546
0.0123936
0.00973767
0.00782828
0.00643782
0.00534366
0.00445056
0.00371518
0.00309836
0.00256614
0.0020971
0.00167448
0.00130049
0.000929627
0.000687961
1.12972e-05
0.060633
0.0411803
0.0263443
0.019475
0.0156546
0.0123936
0.00973767
0.00782828
0.00643782
0.00534366
0.00445057
0.00371519
0.00309836
0.00256615
0.00209714
0.00167453
0.00130047
0.000929548
0.000687937
1.1318e-05
-0.0121989
-0.00858544
-0.0040761
-0.000801034
0.00108272
0.00210312
0.00265166
0.00292738
0.00300075
0.00291523
0.00272345
0.00246983
0.00218076
0.00187107
0.00155217
0.00122999
0.000918608
0.000599644
0.000366088
-4.65256e-05
0.00347605
0.00946072
0.0117855
0.0111491
0.010016
0.00896982
0.00793024
0.0069294
0.00602548
0.00522177
0.00450353
0.0038602
0.00328201
0.00275816
0.00227926
0.00183665
0.00142566
0.00103234
0.000657413
0.000251294
0.00494449
0.00552398
0.00562228
0.00532812
0.00512424
0.00496689
0.0047236
0.00441154
0.00407584
0.00372641
0.00336376
0.00299393
0.00262337
0.00225554
0.00189221
0.0015345
0.00118199
0.00083761
0.000481177
0.000220061
0.00533666
0.00562009
0.00606821
0.00623873
0.00614001
0.00589044
0.00553757
0.00512031
0.00467597
0.00422395
0.00377301
0.00332966
0.00289832
0.00248062
0.0020764
0.00168525
0.00130362
0.000937262
0.000549253
0.000283698
0.00546705
0.00554608
0.0056762
0.00565291
0.00548025
0.00524
0.00495432
0.00462654
0.00427031
0.00389834
0.00351772
0.00313343
0.00274959
0.00236899
0.00199292
0.00162265
0.00125565
0.000900987
0.000520608
0.000275923
0.00547355
0.00547596
0.00550158
0.00546596
0.0053392
0.00514378
0.00489311
0.00459449
0.00426077
0.00390466
0.00353481
0.00315741
0.0027773
0.00239799
0.0020214
0.00164932
0.00127946
0.000921594
0.0005368
0.000285489
0.00543806
0.00541039
0.00538179
0.00531425
0.00518026
0.0049869
0.00474607
0.00446531
0.00415296
0.0038179
0.0034673
0.00310671
0.00274058
0.00237235
0.00200417
0.00163817
0.00127245
0.000917294
0.000534324
0.000284191
0.00540169
0.00536241
0.00530872
0.00522417
0.00508901
0.00490325
0.00467399
0.00440697
0.00410844
0.00378568
0.0034454
0.00309316
0.00273347
0.00236993
0.00200494
0.0016409
0.00127617
0.000921204
0.000537763
0.000286168
0.00538044
0.00533689
0.00527311
0.00518071
0.0050439
0.00486024
0.00463477
0.00437283
0.00408006
0.00376301
0.00342797
0.00308031
0.00272444
0.00236393
0.00200123
0.00163884
0.0012752
0.000920875
0.00053772
0.000286362
0.00538044
0.00533689
0.00527311
0.00518071
0.00504391
0.00486024
0.00463477
0.00437283
0.00408006
0.00376301
0.00342797
0.00308031
0.00272444
0.00236392
0.00200123
0.00163884
0.0012752
0.000920875
0.00053772
0.000286362
0.00540169
0.00536242
0.00530873
0.00522418
0.00508901
0.00490325
0.00467399
0.00440697
0.00410844
0.00378568
0.0034454
0.00309316
0.00273347
0.00236993
0.00200494
0.0016409
0.00127617
0.000921203
0.000537762
0.000286168
0.00543807
0.00541039
0.00538179
0.00531425
0.00518027
0.0049869
0.00474607
0.00446531
0.00415296
0.0038179
0.0034673
0.00310671
0.00274058
0.00237234
0.00200416
0.00163816
0.00127245
0.000917292
0.000534323
0.000284191
0.00547356
0.00547597
0.00550159
0.00546597
0.00533921
0.00514378
0.00489311
0.00459449
0.00426076
0.00390465
0.00353481
0.0031574
0.00277729
0.00239798
0.0020214
0.00164931
0.00127946
0.000921591
0.000536799
0.000285489
0.00546706
0.00554609
0.00567621
0.00565292
0.00548025
0.00524001
0.00495432
0.00462654
0.00427031
0.00389834
0.00351771
0.00313342
0.00274958
0.00236898
0.00199292
0.00162264
0.00125565
0.000900983
0.000520606
0.000275923
0.00533668
0.0056201
0.00606822
0.00623874
0.00614002
0.00589044
0.00553758
0.00512031
0.00467597
0.00422395
0.003773
0.00332965
0.00289831
0.00248061
0.00207639
0.00168524
0.00130362
0.000937256
0.000549249
0.000283698
0.00494451
0.005524
0.00562229
0.00532813
0.00512425
0.0049669
0.0047236
0.00441154
0.00407584
0.00372641
0.00336375
0.00299393
0.00262336
0.00225552
0.0018922
0.0015345
0.00118198
0.000837602
0.000481168
0.000220059
0.00347607
0.00946074
0.0117855
0.0111491
0.010016
0.00896983
0.00793024
0.0069294
0.00602548
0.00522177
0.00450353
0.00386019
0.003282
0.00275815
0.00227924
0.00183664
0.00142567
0.00103234
0.000657396
0.000251286
-0.0121988
-0.00858542
-0.00407608
-0.000801022
0.00108273
0.00210313
0.00265166
0.00292738
0.00300075
0.00291523
0.00272344
0.00246982
0.00218075
0.00187105
0.00155214
0.00122996
0.000918629
0.000599679
0.000366076
-4.65459e-05
0.060633
0.0411803
0.0263443
0.019475
0.0156546
0.0123936
0.00973767
0.00782828
0.00643782
0.00534366
0.00445056
0.00371518
0.00309836
0.00256614
0.0020971
0.00167448
0.00130049
0.000929635
0.000687959
1.12926e-05
0.0607047
0.0412483
0.0264082
0.0195351
0.0157108
0.0124454
0.00978485
0.00787054
0.00647494
0.00537548
0.00447699
0.00373622
0.00311413
0.00257697
0.0021035
0.00167717
0.00130037
0.000927904
0.000685945
1.06998e-05
-0.0121287
-0.0085187
-0.00401326
-0.000741893
0.00113816
0.00215451
0.00269866
0.00296973
0.00303826
0.00294778
0.00275098
0.00249241
0.00219856
0.00188442
0.00156155
0.00123605
0.000922168
0.00060153
0.000367221
-4.67729e-05
0.00354589
0.00952738
0.0118484
0.0112084
0.0100715
0.00902123
0.00797716
0.00697159
0.00606276
0.00525401
0.00453068
0.00388231
0.00329927
0.00277089
0.00228795
0.00184196
0.00142842
0.00103337
0.000657817
0.000250652
0.00501391
0.00559018
0.00568483
0.00538709
0.00517939
0.00501788
0.00477013
0.0044534
0.00411283
0.00375843
0.00339078
0.00301603
0.00264073
0.00226848
0.00190123
0.00154023
0.00118521
0.000839146
0.00048193
0.000220209
0.00540589
0.00568612
0.00613065
0.0062976
0.00619504
0.00594128
0.00558393
0.00516196
0.00471274
0.00425572
0.00379975
0.00335146
0.00291535
0.00249322
0.00208504
0.00169056
0.00130638
0.000938303
0.000549455
0.000283874
0.00553616
0.005612
0.00573854
0.0057117
0.00553519
0.00529076
0.0050006
0.00466813
0.00430705
0.00393013
0.00354453
0.00315535
0.00276681
0.00238182
0.00200185
0.00162828
0.00125873
0.00090236
0.000521048
0.000276485
0.00554259
0.00554184
0.00556388
0.0055247
0.00539409
0.00519447
0.00493931
0.00463599
0.00429741
0.00393635
0.00356155
0.00317927
0.00279448
0.00241081
0.00203034
0.00165497
0.00128256
0.000922972
0.000537196
0.000286124
0.00550708
0.00547624
0.00544407
0.00537297
0.00523513
0.00503756
0.00479223
0.00450678
0.00418959
0.0038496
0.00349406
0.00312863
0.00275785
0.00238529
0.00201324
0.00164398
0.00127571
0.000918825
0.000534829
0.000284943
0.00547069
0.00542827
0.005371
0.00528289
0.00514387
0.00495389
0.00472013
0.00444842
0.00414505
0.00381735
0.00347215
0.00311508
0.00275075
0.00238291
0.00201406
0.00164677
0.00127948
0.000922784
0.000538292
0.000286957
0.00544944
0.00540274
0.00533539
0.00523943
0.00509877
0.00491088
0.00468091
0.00441426
0.00411666
0.00379469
0.00345472
0.00310224
0.00274174
0.00237693
0.0020104
0.00164476
0.00127855
0.000922497
0.000538278
0.000287178
0.00544944
0.00540274
0.00533539
0.00523943
0.00509877
0.00491088
0.00468091
0.00441426
0.00411666
0.00379468
0.00345472
0.00310224
0.00274174
0.00237693
0.0020104
0.00164475
0.00127855
0.000922497
0.000538278
0.000287178
0.0054707
0.00542827
0.00537101
0.00528289
0.00514387
0.00495389
0.00472014
0.00444842
0.00414504
0.00381735
0.00347215
0.00311507
0.00275075
0.0023829
0.00201406
0.00164677
0.00127948
0.000922783
0.000538291
0.000286957
0.00550709
0.00547625
0.00544407
0.00537298
0.00523514
0.00503756
0.00479224
0.00450678
0.00418959
0.0038496
0.00349406
0.00312862
0.00275784
0.00238528
0.00201324
0.00164398
0.00127571
0.000918823
0.000534828
0.000284943
0.00554261
0.00554185
0.00556389
0.00552471
0.0053941
0.00519447
0.00493931
0.00463599
0.00429741
0.00393635
0.00356154
0.00317926
0.00279447
0.00241081
0.00203033
0.00165496
0.00128255
0.000922969
0.000537194
0.000286123
0.00553617
0.00561202
0.00573855
0.00571171
0.0055352
0.00529076
0.0050006
0.00466813
0.00430705
0.00393013
0.00354453
0.00315534
0.0027668
0.00238182
0.00200184
0.00162828
0.00125873
0.000902355
0.000521046
0.000276485
0.0054059
0.00568614
0.00613066
0.00629761
0.00619505
0.00594129
0.00558394
0.00516196
0.00471274
0.00425572
0.00379975
0.00335145
0.00291534
0.00249321
0.00208504
0.00169056
0.00130637
0.000938296
0.000549451
0.000283874
0.00501393
0.0055902
0.00568484
0.0053871
0.0051794
0.00501789
0.00477014
0.0044534
0.00411283
0.00375843
0.00339078
0.00301602
0.00264071
0.00226847
0.00190122
0.00154023
0.00118521
0.000839137
0.000481921
0.000220208
0.00354591
0.00952739
0.0118484
0.0112085
0.0100715
0.00902123
0.00797717
0.00697159
0.00606276
0.005254
0.00453067
0.0038823
0.00329926
0.00277088
0.00228794
0.00184195
0.00142842
0.00103337
0.000657798
0.000250643
-0.0121287
-0.00851868
-0.00401325
-0.000741881
0.00113817
0.00215452
0.00269866
0.00296973
0.00303826
0.00294777
0.00275098
0.0024924
0.00219855
0.0018844
0.00156152
0.00123603
0.000922193
0.000601563
0.000367202
-4.67961e-05
0.0607047
0.0412483
0.0264082
0.0195351
0.0157108
0.0124454
0.00978485
0.00787054
0.00647494
0.00537547
0.00447698
0.00373621
0.00311413
0.00257696
0.00210346
0.00167713
0.0013004
0.000927996
0.000685956
1.06655e-05
0.0608543
0.0413914
0.0265439
0.0196638
0.0158319
0.0125583
0.00988883
0.00796493
0.00655912
0.00544894
0.00453934
0.00378721
0.00315372
0.00260543
0.00212151
0.00168588
0.00130157
0.000924164
0.000680303
8.26945e-06
-0.0119816
-0.00837768
-0.00387942
-0.000615039
0.00125802
0.00226678
0.00280263
0.00306483
0.00312401
0.00302382
0.00281705
0.00254838
0.00224451
0.00192067
0.00158875
0.00125518
0.000934597
0.000608777
0.000371412
-4.73631e-05
0.0036922
0.00966819
0.0119826
0.0113358
0.0101917
0.00913353
0.0080809
0.00706616
0.00614767
0.00532886
0.0045952
0.00393639
0.00334302
0.00280466
0.00231241
0.0018581
0.0014377
0.00103736
0.000659213
0.000248501
0.00515957
0.00573036
0.00581847
0.00551403
0.00529912
0.00512974
0.00487348
0.00454771
0.00419766
0.00383341
0.00345568
0.00307076
0.00268542
0.0023035
0.00192723
0.00155818
0.00119645
0.000845205
0.000484868
0.000220616
0.00555119
0.00582606
0.00626418
0.00642449
0.00631469
0.00605297
0.00568701
0.00525587
0.00479704
0.00433006
0.0038639
0.00340535
0.00295914
0.00252726
0.00210999
0.00170739
0.00131639
0.000943133
0.000550977
0.000284404
0.00568127
0.00575182
0.00587203
0.00583861
0.0056549
0.00540254
0.00510382
0.00476225
0.00439164
0.00400486
0.00360918
0.00320987
0.00281134
0.00241674
0.00202779
0.00164619
0.00126987
0.000908355
0.000523438
0.000278173
0.00568759
0.0056816
0.00569738
0.00565165
0.00551386
0.00530628
0.00504253
0.00473008
0.00438195
0.00401102
0.00362615
0.00323376
0.00283903
0.0024458
0.00205639
0.00167304
0.00129386
0.000929131
0.000539592
0.000288085
0.00565202
0.00561601
0.0055776
0.00549999
0.00535498
0.00514946
0.00489555
0.00460097
0.00427425
0.00392442
0.00355886
0.00318337
0.00280271
0.00242065
0.00203974
0.00166254
0.00128751
0.000925471
0.000537572
0.000287244
0.0056156
0.00556804
0.00550458
0.00540996
0.00526377
0.00506586
0.00482351
0.00454266
0.00422975
0.00389222
0.00353701
0.00316991
0.00279573
0.00241841
0.00204074
0.00166554
0.0012915
0.000929629
0.000541159
0.000289387
0.00559434
0.00554253
0.00546899
0.00536653
0.0052187
0.00502289
0.00478432
0.00450855
0.00420141
0.0038696
0.00351964
0.00315714
0.00278681
0.00241255
0.0020372
0.00166366
0.00129072
0.00092948
0.000541243
0.000289691
0.00559434
0.00554253
0.00546899
0.00536653
0.00521871
0.00502289
0.00478432
0.00450855
0.00420141
0.0038696
0.00351964
0.00315714
0.0027868
0.00241255
0.0020372
0.00166366
0.00129072
0.00092948
0.000541243
0.00028969
0.00561561
0.00556805
0.00550458
0.00540996
0.00526378
0.00506586
0.00482351
0.00454266
0.00422975
0.00389222
0.003537
0.0031699
0.00279573
0.00241841
0.00204074
0.00166554
0.00129149
0.000929628
0.000541158
0.000289387
0.00565203
0.00561601
0.00557761
0.00549999
0.00535498
0.00514946
0.00489555
0.00460097
0.00427425
0.00392441
0.00355885
0.00318337
0.0028027
0.00242064
0.00203973
0.00166253
0.00128751
0.000925469
0.00053757
0.000287244
0.0056876
0.00568161
0.00569738
0.00565166
0.00551386
0.00530629
0.00504253
0.00473008
0.00438195
0.00401102
0.00362614
0.00323376
0.00283902
0.00244579
0.00205639
0.00167303
0.00129386
0.000929128
0.00053959
0.000288085
0.00568128
0.00575183
0.00587204
0.00583862
0.00565491
0.00540255
0.00510382
0.00476225
0.00439164
0.00400485
0.00360918
0.00320986
0.00281134
0.00241673
0.00202779
0.00164619
0.00126987
0.000908351
0.000523436
0.000278173
0.00555121
0.00582607
0.00626419
0.0064245
0.0063147
0.00605297
0.00568701
0.00525587
0.00479704
0.00433005
0.00386389
0.00340535
0.00295913
0.00252725
0.00210998
0.00170738
0.00131639
0.000943126
0.000550974
0.000284404
0.00515959
0.00573037
0.00581848
0.00551404
0.00529913
0.00512974
0.00487349
0.00454771
0.00419765
0.0038334
0.00345567
0.00307075
0.00268541
0.00230349
0.00192722
0.00155817
0.00119645
0.000845195
0.000484859
0.000220616
0.00369222
0.00966821
0.0119826
0.0113358
0.0101917
0.00913354
0.0080809
0.00706616
0.00614766
0.00532885
0.0045952
0.00393639
0.00334301
0.00280464
0.00231239
0.00185809
0.0014377
0.00103736
0.000659192
0.000248494
-0.0119816
-0.00837766
-0.00387941
-0.000615028
0.00125802
0.00226678
0.00280263
0.00306483
0.00312401
0.00302381
0.00281704
0.00254837
0.0022445
0.00192065
0.00158872
0.00125516
0.000934627
0.000608806
0.000371386
-4.73883e-05
0.0608543
0.0413914
0.0265439
0.0196638
0.0158319
0.0125583
0.00988883
0.00796493
0.00655912
0.00544894
0.00453933
0.0037872
0.00315372
0.00260542
0.00212146
0.00168584
0.00130161
0.000924256
0.0006803
8.22681e-06
0.0610925
0.0416227
0.026766
0.0198761
0.0160338
0.012749
0.0100671
0.00812947
0.00670857
0.00558213
0.00465519
0.0038848
0.00323235
0.00266477
0.00216173
0.00170797
0.00130763
0.000917995
0.000667839
4.72252e-07
-0.0117465
-0.0081492
-0.00365986
-0.000404858
0.00145884
0.00245765
0.00298262
0.00323294
0.00327936
0.00316558
0.00294448
0.00266082
0.00234149
0.00200197
0.00165449
0.00130592
0.000971441
0.000633031
0.000386054
-4.71714e-05
0.00392638
0.00989661
0.012203
0.0115471
0.0103932
0.00932429
0.00825977
0.00723208
0.00629969
0.00546612
0.00471696
0.00404205
0.00343219
0.00287721
0.00236856
0.00189849
0.00146366
0.0010505
0.000664099
0.000243092
0.00539305
0.00595829
0.00603873
0.00572558
0.00550111
0.00532124
0.0050535
0.0047153
0.00435195
0.00397359
0.00358101
0.00318067
0.00277948
0.00238153
0.00198938
0.00160501
0.00122909
0.00086521
0.000495156
0.000222291
0.00578412
0.00605369
0.00648442
0.0066362
0.00651679
0.00624435
0.00586658
0.00542264
0.00495011
0.00446865
0.00398733
0.00351308
0.0030508
0.00260273
0.00216944
0.00175139
0.00134607
0.000960305
0.000558088
0.000286485
0.00591384
0.00597933
0.00609242
0.0060507
0.00585761
0.00559474
0.00528438
0.00493018
0.00454605
0.00414496
0.0037343
0.00331945
0.00290502
0.00249438
0.00208957
0.00169268
0.00130211
0.000928235
0.000532644
0.000283023
0.00591989
0.00590905
0.00591786
0.00586397
0.00571688
0.00549883
0.00522341
0.00489828
0.00453656
0.00415126
0.00375135
0.0033434
0.00293276
0.00252352
0.0021183
0.00171973
0.00132636
0.000949376
0.000548905
0.000293708
0.00588413
0.00584343
0.00579822
0.00571253
0.00555833
0.00534241
0.00507689
0.00476965
0.00442937
0.00406519
0.00368462
0.00329361
0.00289709
0.00249909
0.00210243
0.00171009
0.00132093
0.00094667
0.000547613
0.000293657
0.00584759
0.00579548
0.00572529
0.00562266
0.00546734
0.00525907
0.00500512
0.00471162
0.00438514
0.00403325
0.00366302
0.00328039
0.00289037
0.00249714
0.00210376
0.00171347
0.00132531
0.00095125
0.000551507
0.000296136
0.00582627
0.00576997
0.00568976
0.00557931
0.00542239
0.00521624
0.00496609
0.00467766
0.00435695
0.00401079
0.00364582
0.0032678
0.00288164
0.00249148
0.00210045
0.00171185
0.00132481
0.00095138
0.00055181
0.000296631
0.00582627
0.00576997
0.00568976
0.00557931
0.00542239
0.00521624
0.00496609
0.00467766
0.00435695
0.00401079
0.00364582
0.0032678
0.00288164
0.00249148
0.00210045
0.00171185
0.00132481
0.000951379
0.00055181
0.000296631
0.00584759
0.00579548
0.00572529
0.00562266
0.00546734
0.00525907
0.00500512
0.00471162
0.00438514
0.00403325
0.00366302
0.00328039
0.00289037
0.00249713
0.00210375
0.00171346
0.00132531
0.000951249
0.000551507
0.000296136
0.00588413
0.00584344
0.00579822
0.00571253
0.00555833
0.00534242
0.00507689
0.00476965
0.00442937
0.00406519
0.00368462
0.00329361
0.00289709
0.00249908
0.00210242
0.00171009
0.00132092
0.000946668
0.000547612
0.000293656
0.0059199
0.00590905
0.00591787
0.00586397
0.00571689
0.00549883
0.00522342
0.00489828
0.00453656
0.00415126
0.00375134
0.00334339
0.00293275
0.00252351
0.00211829
0.00171973
0.00132635
0.000949373
0.000548904
0.000293708
0.00591385
0.00597934
0.00609243
0.00605071
0.00585762
0.00559474
0.00528438
0.00493018
0.00454605
0.00414496
0.00373429
0.00331944
0.00290501
0.00249437
0.00208956
0.00169267
0.0013021
0.000928231
0.000532642
0.000283023
0.00578414
0.0060537
0.00648444
0.00663621
0.0065168
0.00624435
0.00586658
0.00542264
0.00495011
0.00446865
0.00398732
0.00351308
0.00305079
0.00260272
0.00216943
0.00175138
0.00134606
0.000960298
0.000558086
0.000286486
0.00539307
0.00595831
0.00603874
0.00572559
0.00550112
0.00532124
0.00505351
0.0047153
0.00435195
0.00397358
0.00358101
0.00318066
0.00277947
0.00238152
0.00198937
0.001605
0.00122909
0.000865199
0.000495148
0.000222291
0.0039264
0.00989663
0.012203
0.0115472
0.0103932
0.0093243
0.00825977
0.00723209
0.00629969
0.00546611
0.00471695
0.00404204
0.00343217
0.00287719
0.00236854
0.00189849
0.00146366
0.00105049
0.000664077
0.000243086
-0.0117465
-0.00814918
-0.00365985
-0.000404846
0.00145885
0.00245766
0.00298262
0.00323294
0.00327936
0.00316558
0.00294447
0.00266081
0.00234148
0.00200194
0.00165446
0.00130591
0.000971473
0.000633053
0.00038602
-4.71974e-05
0.0610926
0.0416227
0.026766
0.0198761
0.0160338
0.012749
0.0100671
0.00812947
0.00670856
0.00558212
0.00465518
0.00388479
0.00323235
0.00266475
0.00216168
0.00170794
0.00130768
0.000918083
0.00066782
4.22133e-07
0.0614312
0.0419585
0.0270937
0.0201919
0.0163364
0.013038
0.010341
0.00838591
0.00694517
0.00579676
0.00484585
0.00404953
0.00336935
0.00277255
0.00223937
0.00175539
0.00132649
0.000912312
0.000647776
-1.97732e-05
-0.0114109
-0.00781746
-0.00333591
-9.08507e-05
0.00176308
0.00275205
0.00326626
0.00350447
0.00353735
0.00340863
0.00317117
0.00286972
0.00253119
0.00217118
0.00180205
0.00143073
0.00107262
0.000708802
0.000436777
-3.68837e-05
0.00426019
0.0102282
0.0125282
0.0118625
0.0106972
0.00961561
0.00853686
0.00749348
0.00654403
0.00569211
0.0049234
0.00422778
0.00359609
0.00301822
0.00248574
0.00199094
0.00153096
0.00109187
0.000684012
0.000234993
0.0057261
0.00628974
0.00636479
0.00604332
0.00580919
0.00561853
0.00533865
0.00498685
0.00460842
0.00421344
0.00380272
0.00338272
0.00296043
0.00254003
0.00212422
0.00171513
0.00131384
0.000924033
0.000529427
0.000231127
0.00611592
0.00638421
0.00680993
0.0069536
0.00682439
0.00654061
0.00614982
0.00569128
0.00520269
0.00470373
0.00420349
0.00370891
0.00322492
0.00275384
0.00229637
0.0018532
0.00142221
0.00101107
0.000584368
0.000296113
0.00624468
0.0063094
0.00641801
0.00636877
0.00616651
0.00589289
0.00556999
0.00520158
0.00480168
0.00438329
0.00395382
0.00351866
0.00308249
0.00264876
0.00221968
0.00179765
0.00138144
0.000982636
0.000561957
0.000298339
0.00624987
0.00623864
0.0062433
0.00618214
0.00602614
0.00579751
0.0055096
0.00517016
0.0047925
0.00438967
0.00397067
0.00354214
0.0031095
0.00267696
0.00224736
0.00182367
0.00140481
0.00100338
0.000577888
0.000310876
0.00621342
0.00617271
0.00612363
0.0060309
0.00586803
0.00564176
0.00536389
0.00504241
0.00468619
0.00430443
0.00390468
0.00349297
0.00307434
0.00265296
0.0022319
0.00181454
0.00140006
0.00100169
0.000577627
0.000312528
0.0061764
0.00612454
0.00605068
0.00594114
0.00577728
0.00555878
0.00529257
0.00498485
0.0046424
0.00427287
0.00388336
0.00347993
0.00306769
0.002651
0.0022332
0.00181792
0.00140457
0.0010066
0.000581929
0.000315753
0.00615482
0.00609892
0.00601514
0.00589786
0.00573247
0.00551615
0.00525379
0.00495117
0.00461448
0.00425065
0.00386637
0.0034675
0.00305907
0.00264544
0.00222998
0.00181643
0.00140426
0.00100701
0.000582549
0.000316642
0.00615482
0.00609892
0.00601515
0.00589787
0.00573247
0.00551616
0.00525379
0.00495117
0.00461448
0.00425065
0.00386637
0.0034675
0.00305907
0.00264544
0.00222998
0.00181643
0.00140426
0.00100701
0.000582549
0.000316642
0.0061764
0.00612454
0.00605068
0.00594115
0.00577729
0.00555878
0.00529257
0.00498485
0.0046424
0.00427286
0.00388336
0.00347992
0.00306768
0.002651
0.0022332
0.00181792
0.00140457
0.0010066
0.000581928
0.000315753
0.00621343
0.00617272
0.00612363
0.00603091
0.00586803
0.00564176
0.00536389
0.00504241
0.00468619
0.00430443
0.00390468
0.00349297
0.00307433
0.00265296
0.0022319
0.00181453
0.00140006
0.00100168
0.000577626
0.000312527
0.00624988
0.00623865
0.00624331
0.00618215
0.00602615
0.00579751
0.0055096
0.00517016
0.00479249
0.00438966
0.00397067
0.00354213
0.00310949
0.00267696
0.00224735
0.00182367
0.00140481
0.00100338
0.000577886
0.000310875
0.0062447
0.00630941
0.00641802
0.00636878
0.00616652
0.00589289
0.00557
0.00520158
0.00480167
0.00438329
0.00395381
0.00351865
0.00308248
0.00264876
0.00221967
0.00179764
0.00138144
0.000982632
0.000561956
0.000298339
0.00611594
0.00638422
0.00680994
0.00695361
0.0068244
0.00654061
0.00614982
0.00569128
0.00520269
0.00470373
0.00420348
0.0037089
0.00322491
0.00275383
0.00229636
0.00185319
0.0014222
0.00101106
0.000584366
0.000296114
0.00572612
0.00628975
0.0063648
0.00604333
0.00580919
0.00561854
0.00533865
0.00498685
0.00460841
0.00421343
0.00380271
0.00338271
0.00296042
0.00254002
0.00212421
0.00171512
0.00131383
0.000924022
0.000529421
0.000231128
0.00426021
0.0102282
0.0125282
0.0118625
0.0106972
0.00961561
0.00853686
0.00749348
0.00654403
0.00569211
0.00492339
0.00422777
0.00359607
0.00301821
0.00248572
0.00199094
0.00153096
0.00109186
0.000683991
0.00023499
-0.0114109
-0.00781744
-0.00333589
-9.08398e-05
0.00176309
0.00275206
0.00326626
0.00350447
0.00353735
0.00340863
0.00317116
0.00286971
0.00253118
0.00217116
0.00180202
0.00143072
0.00107265
0.000708813
0.000436737
-3.69084e-05
0.0614313
0.0419586
0.0270938
0.020192
0.0163364
0.013038
0.010341
0.00838591
0.00694517
0.00579675
0.00484583
0.00404952
0.00336935
0.00277253
0.00223932
0.00175537
0.00132655
0.000912388
0.00064774
-1.98281e-05
0.0618759
0.0424144
0.0275479
0.0206319
0.0167586
0.0134426
0.0107269
0.00875016
0.00728445
0.00610815
0.00512665
0.00429695
0.00358049
0.00294457
0.00236978
0.00184229
0.00137033
0.000915156
0.000627602
-6.46315e-05
-0.0109676
-0.00736863
-0.00288709
0.000352745
0.00220165
0.00318633
0.00369551
0.00392697
0.0039512
0.00381206
0.00356242
0.00324682
0.0028918
0.00251252
0.00212076
0.00172238
0.00133156
0.000924539
0.000598242
2.14224e-05
0.00469732
0.0106727
0.012973
0.0122995
0.0111223
0.0100268
0.0089325
0.0078725
0.00690559
0.00603545
0.00524764
0.00453182
0.00387837
0.00327661
0.00271738
0.00219189
0.00169639
0.00121367
0.00075983
0.000240049
0.0061621
0.00673481
0.00681305
0.00648883
0.00624986
0.00605283
0.00576442
0.00540166
0.0050097
0.00459865
0.00416938
0.00372842
0.00328271
0.00283623
0.00239131
0.00194934
0.00151061
0.0010766
0.000631771
0.000268186
0.0065487
0.00682578
0.00725429
0.00739472
0.00725979
0.00696811
0.00656674
0.00609505
0.0055909
0.00507401
0.00455344
0.00403611
0.00352686
0.00302784
0.00253948
0.00206202
0.00159288
0.00113907
0.000664602
0.000332669
0.00667505
0.00674934
0.00686155
0.00680989
0.00660288
0.00632231
0.00598963
0.00560861
0.00519348
0.00475724
0.00430725
0.0038489
0.00338678
0.00292424
0.00246332
0.00200621
0.00155145
0.00111089
0.000642834
0.000344537
0.00667786
0.00667678
0.00668533
0.00662192
0.00646146
0.00622619
0.00592859
0.00557637
0.00518303
0.0047617
0.0043214
0.00386879
0.00340931
0.00294714
0.00248505
0.00202596
0.0015687
0.00112668
0.000655118
0.00036014
0.00663939
0.00660944
0.00656469
0.00647
0.00630299
0.00607039
0.00578301
0.00544876
0.00507671
0.0046762
0.0042548
0.00381862
0.00337275
0.0029214
0.00246764
0.00201489
0.00156234
0.00112427
0.000654991
0.00036468
0.00660086
0.00656023
0.00649101
0.00637966
0.00621181
0.00598713
0.00571151
0.00539101
0.00503263
0.00464412
0.00423266
0.0038044
0.00336458
0.00291762
0.00246694
0.0020163
0.00156513
0.00112808
0.000658899
0.000369
0.00657847
0.00653407
0.0064551
0.0063361
0.00616679
0.00594439
0.00567268
0.00535729
0.00500463
0.00462173
0.00421536
0.00379152
0.00335536
0.00291135
0.00246296
0.00201408
0.00156424
0.00112821
0.000659588
0.000370464
0.00657848
0.00653407
0.0064551
0.0063361
0.00616679
0.00594439
0.00567268
0.00535729
0.00500463
0.00462173
0.00421536
0.00379152
0.00335536
0.00291135
0.00246296
0.00201407
0.00156424
0.00112821
0.000659588
0.000370464
0.00660086
0.00656024
0.00649101
0.00637967
0.00621181
0.00598713
0.00571151
0.00539101
0.00503263
0.00464412
0.00423266
0.0038044
0.00336457
0.00291762
0.00246694
0.0020163
0.00156513
0.00112807
0.000658898
0.000369
0.00663939
0.00660945
0.00656469
0.00647001
0.00630299
0.00607039
0.00578301
0.00544876
0.00507671
0.0046762
0.0042548
0.00381861
0.00337274
0.00292139
0.00246764
0.00201489
0.00156233
0.00112427
0.00065499
0.000364679
0.00667788
0.00667679
0.00668533
0.00662193
0.00646146
0.00622619
0.00592859
0.00557637
0.00518303
0.0047617
0.0043214
0.00386879
0.00340931
0.00294714
0.00248505
0.00202596
0.00156869
0.00112668
0.000655117
0.000360139
0.00667506
0.00674936
0.00686156
0.0068099
0.00660289
0.00632232
0.00598963
0.00560861
0.00519347
0.00475723
0.00430724
0.00384889
0.00338677
0.00292423
0.00246331
0.00200621
0.00155145
0.00111088
0.000642833
0.000344537
0.00654872
0.00682579
0.0072543
0.00739473
0.0072598
0.00696811
0.00656674
0.00609505
0.0055909
0.005074
0.00455343
0.0040361
0.00352685
0.00302783
0.00253947
0.00206201
0.00159287
0.00113906
0.0006646
0.00033267
0.00616211
0.00673483
0.00681306
0.00648884
0.00624987
0.00605284
0.00576442
0.00540166
0.0050097
0.00459864
0.00416937
0.00372841
0.0032827
0.00283622
0.0023913
0.00194933
0.0015106
0.00107659
0.000631767
0.000268187
0.00469734
0.0106727
0.0129731
0.0122995
0.0111223
0.0100268
0.0089325
0.0078725
0.00690559
0.00603544
0.00524763
0.00453181
0.00387835
0.00327659
0.00271737
0.00219189
0.00169639
0.00121365
0.000759813
0.000240048
-0.0109675
-0.00736861
-0.00288708
0.000352755
0.00220166
0.00318634
0.00369551
0.00392697
0.00395119
0.00381205
0.00356241
0.00324681
0.00289179
0.0025125
0.00212074
0.00172238
0.00133158
0.000924536
0.0005982
2.14016e-05
0.0618759
0.0424144
0.0275479
0.0206319
0.0167586
0.0134426
0.0107269
0.00875015
0.00728445
0.00610814
0.00512664
0.00429694
0.00358048
0.00294454
0.00236973
0.00184228
0.0013704
0.000915208
0.000627551
-6.46832e-05
0.0624093
0.0429969
0.0281461
0.0212116
0.0173083
0.013963
0.0112195
0.0092135
0.00771582
0.00650483
0.00548586
0.00461522
0.00385361
0.00316792
0.00253886
0.00195311
0.00142234
0.000908541
0.000595249
-0.000157278
-0.0104217
-0.00679449
-0.00228746
0.000968264
0.00283097
0.00382898
0.00435029
0.00459227
0.00462554
0.00449411
0.00425035
0.00393738
0.00357987
0.00319093
0.00278023
0.00235089
0.00191411
0.00143565
0.00100723
0.000204492
0.00521755
0.0112158
0.0135295
0.0128545
0.0116681
0.0105608
0.00945494
0.00838497
0.00740984
0.0065327
0.00573827
0.00501491
0.00435126
0.00373455
0.00315331
0.00259571
0.00205489
0.00150564
0.000967308
0.000297669
0.00668201
0.00728497
0.00738555
0.00707389
0.00684368
0.00665199
0.00636453
0.00599844
0.00559964
0.0051789
0.00473753
0.00428198
0.00381849
0.00334969
0.00287603
0.00239614
0.00190727
0.0014042
0.000869465
0.000366082
0.00706192
0.00736614
0.00781276
0.00796204
0.0078328
0.00754302
0.00713864
0.00665948
0.00614422
0.00561313
0.00507558
0.00453853
0.00400647
0.00348068
0.00296025
0.0024433
0.00192488
0.00140759
0.000852666
0.000424728
0.00718347
0.00728657
0.00741796
0.00737512
0.0071736
0.00689526
0.00656041
0.00617305
0.00574786
0.00529803
0.00483089
0.0043516
0.00386439
0.00337194
0.00287539
0.00237554
0.0018694
0.00136636
0.00082055
0.000447634
0.00718086
0.00720928
0.00723678
0.00718133
0.00702584
0.00679266
0.0064926
0.00613328
0.00572873
0.00529233
0.00483312
0.00435762
0.00387098
0.00337687
0.00287738
0.00237445
0.00186586
0.00136384
0.000818737
0.000465768
0.00713742
0.00713781
0.00711243
0.00702566
0.00686348
0.00663282
0.00634278
0.0060012
0.0056177
0.00520183
0.00476116
0.00430157
0.00382785
0.00334374
0.00285175
0.00235456
0.0018507
0.00135398
0.000813508
0.000473104
0.0070951
0.00708537
0.00703579
0.00693227
0.00676902
0.0065461
0.00626764
0.00593957
0.00556937
0.00516505
0.00473378
0.00428154
0.00381329
0.00333307
0.0028438
0.00234866
0.00184659
0.00135207
0.000813586
0.000478044
0.00707068
0.00705744
0.00699828
0.0068871
0.00672233
0.00650163
0.00622701
0.00590395
0.00553934
0.00514048
0.00471413
0.00426612
0.00380137
0.00332393
0.00283686
0.0023435
0.00184298
0.00135004
0.00081296
0.000479858
0.00707068
0.00705744
0.00699828
0.0068871
0.00672233
0.00650163
0.00622701
0.00590395
0.00553934
0.00514048
0.00471412
0.00426612
0.00380137
0.00332393
0.00283686
0.0023435
0.00184297
0.00135004
0.00081296
0.000479858
0.0070951
0.00708537
0.00703579
0.00693227
0.00676902
0.0065461
0.00626764
0.00593957
0.00556937
0.00516505
0.00473377
0.00428153
0.00381328
0.00333306
0.0028438
0.00234866
0.00184659
0.00135207
0.000813585
0.000478043
0.00713743
0.00713782
0.00711243
0.00702567
0.00686348
0.00663282
0.00634278
0.0060012
0.00561769
0.00520183
0.00476116
0.00430157
0.00382785
0.00334373
0.00285174
0.00235456
0.0018507
0.00135398
0.000813506
0.000473103
0.00718087
0.00720929
0.00723679
0.00718133
0.00702584
0.00679266
0.0064926
0.00613328
0.00572872
0.00529233
0.00483312
0.00435762
0.00387097
0.00337686
0.00287737
0.00237444
0.00186586
0.00136384
0.000818736
0.000465767
0.00718348
0.00728658
0.00741797
0.00737513
0.00717361
0.00689526
0.00656041
0.00617305
0.00574785
0.00529803
0.00483088
0.00435159
0.00386438
0.00337194
0.00287538
0.00237553
0.0018694
0.00136636
0.000820548
0.000447633
0.00706194
0.00736615
0.00781277
0.00796205
0.00783281
0.00754302
0.00713864
0.00665947
0.00614422
0.00561313
0.00507557
0.00453852
0.00400646
0.00348067
0.00296024
0.00244329
0.00192487
0.00140758
0.000852664
0.000424727
0.00668203
0.00728499
0.00738556
0.0070739
0.00684368
0.006652
0.00636453
0.00599844
0.00559964
0.0051789
0.00473752
0.00428197
0.00381847
0.00334968
0.00287602
0.00239613
0.00190726
0.00140419
0.000869461
0.000366082
0.00521757
0.0112158
0.0135295
0.0128545
0.0116681
0.0105608
0.00945494
0.00838497
0.00740983
0.00653269
0.00573826
0.0050149
0.00435124
0.00373454
0.0031533
0.0025957
0.00205489
0.00150563
0.000967295
0.000297669
-0.0104217
-0.00679447
-0.00228744
0.000968273
0.00283097
0.00382899
0.00435029
0.00459227
0.00462553
0.00449411
0.00425034
0.00393737
0.00357985
0.00319091
0.00278021
0.00235089
0.00191411
0.00143563
0.00100719
0.000204475
0.0624093
0.0429969
0.0281461
0.0212116
0.0173083
0.013963
0.0112195
0.0092135
0.00771581
0.00650482
0.00548585
0.00461521
0.0038536
0.00316789
0.00253883
0.00195311
0.00142239
0.000908561
0.000595198
-0.000157311
0.0629439
0.0436834
0.028892
0.0219359
0.0179758
0.014568
0.0117672
0.00970689
0.00815414
0.00688733
0.00581252
0.00488583
0.0040675
0.00332421
0.00263664
0.00199195
0.00140463
0.000839662
0.000512256
-0.00027757
-0.00978871
-0.00608784
-0.00150127
0.001822
0.00374972
0.00481354
0.00540281
0.00571232
0.005807
0.00572482
0.00551249
0.00520824
0.00483328
0.0043992
0.0039156
0.00338678
0.00282552
0.00219267
0.0015818
0.000446952
0.00574656
0.0117748
0.014123
0.0134708
0.0122997
0.0112072
0.010118
0.00906732
0.0081133
0.00725654
0.00647884
0.00576492
0.00509919
0.00446489
0.00384737
0.00323244
0.00261182
0.00195426
0.00128467
0.000397749
0.0072288
0.00790119
0.00805652
0.00778452
0.00759001
0.0074303
0.00716924
0.006825
0.00644383
0.00603494
0.00559759
0.00513598
0.00465381
0.00415132
0.00362705
0.0030778
0.00249938
0.00188105
0.00120676
0.000496813
0.00759803
0.00796189
0.0084515
0.00863143
0.008529
0.00825997
0.00786871
0.00739643
0.00688362
0.00635118
0.00580809
0.00525999
0.00470918
0.00415431
0.00359185
0.00301729
0.00242367
0.00180898
0.00113491
0.000556281
0.0077109
0.00787817
0.00805422
0.00803876
0.00786097
0.0076039
0.00728571
0.00690922
0.00648871
0.00603682
0.00556024
0.00506354
0.00455009
0.00402147
0.00347746
0.00291724
0.00233644
0.0017412
0.00108461
0.00059377
0.00769675
0.00778949
0.00785954
0.00782754
0.00769218
0.0074771
0.00719035
0.0068384
0.00643506
0.00599346
0.00552214
0.00502711
0.00451282
0.00398204
0.00343583
0.00287482
0.00229584
0.00170893
0.0010626
0.000617958
0.0076425
0.00770726
0.00772391
0.00765914
0.00751529
0.00730128
0.00702379
0.00668945
0.00630732
0.00588628
0.00543317
0.00495325
0.00445078
0.0039289
0.00338954
0.00283454
0.0022619
0.00168403
0.00104771
0.00062983
0.00759205
0.00764643
0.00763836
0.00755573
0.00740943
0.00720185
0.00693483
0.00661309
0.00624354
0.0058335
0.00538941
0.00491663
0.00441957
0.00390173
0.00336556
0.0028136
0.00224446
0.00167166
0.00104113
0.000636263
0.00756332
0.00761398
0.00759605
0.00750529
0.00735688
0.00715098
0.00688739
0.00657041
0.00620634
0.00580175
0.00536263
0.00489414
0.00440062
0.00388565
0.00335187
0.00280209
0.00223524
0.00166527
0.00103784
0.000638705
0.00756332
0.00761399
0.00759605
0.00750529
0.00735688
0.00715098
0.00688739
0.00657041
0.00620634
0.00580175
0.00536263
0.00489413
0.00440062
0.00388565
0.00335187
0.00280209
0.00223524
0.00166527
0.00103784
0.000638705
0.00759206
0.00764644
0.00763836
0.00755573
0.00740943
0.00720185
0.00693483
0.00661309
0.00624354
0.0058335
0.00538941
0.00491663
0.00441956
0.00390173
0.00336556
0.0028136
0.00224446
0.00167166
0.00104113
0.000636262
0.00764251
0.00770727
0.00772391
0.00765914
0.00751529
0.00730129
0.00702379
0.00668945
0.00630731
0.00588628
0.00543316
0.00495324
0.00445077
0.0039289
0.00338953
0.00283454
0.0022619
0.00168403
0.00104771
0.000629828
0.00769676
0.0077895
0.00785955
0.00782754
0.00769218
0.0074771
0.00719035
0.00683839
0.00643506
0.00599345
0.00552213
0.0050271
0.00451281
0.00398204
0.00343582
0.00287482
0.00229584
0.00170892
0.0010626
0.000617956
0.00771091
0.00787818
0.00805423
0.00803877
0.00786097
0.0076039
0.00728571
0.00690921
0.0064887
0.00603682
0.00556023
0.00506353
0.00455008
0.00402146
0.00347746
0.00291723
0.00233643
0.0017412
0.00108461
0.000593768
0.00759804
0.00796191
0.00845151
0.00863144
0.008529
0.00825997
0.00786871
0.00739643
0.00688362
0.00635117
0.00580808
0.00525998
0.00470917
0.0041543
0.00359184
0.00301728
0.00242366
0.00180897
0.00113491
0.000556279
0.00722881
0.00790121
0.00805653
0.00778453
0.00759001
0.0074303
0.00716924
0.00682499
0.00644382
0.00603493
0.00559757
0.00513597
0.00465379
0.00415131
0.00362704
0.00307779
0.00249937
0.00188104
0.00120675
0.000496811
0.00574658
0.0117748
0.014123
0.0134708
0.0122997
0.0112072
0.010118
0.00906732
0.0081133
0.00725653
0.00647882
0.00576491
0.00509918
0.00446488
0.00384736
0.00323243
0.00261181
0.00195424
0.00128466
0.000397747
-0.00978869
-0.00608783
-0.00150125
0.001822
0.00374972
0.00481354
0.00540281
0.00571231
0.005807
0.00572481
0.00551248
0.00520823
0.00483326
0.00439918
0.00391558
0.00338678
0.00282551
0.00219265
0.00158177
0.000446935
0.0629439
0.0436834
0.028892
0.0219359
0.0179758
0.014568
0.0117672
0.00970689
0.00815413
0.00688732
0.00581251
0.00488582
0.00406748
0.00332418
0.00263662
0.00199196
0.00140466
0.000839664
0.000512232
-0.000277574
0.0632068
0.0444187
0.0297912
0.0228194
0.0187207
0.0151191
0.012133
0.00991756
0.00824469
0.00689426
0.0057682
0.00481326
0.00397945
0.00322527
0.00252546
0.00186499
0.00125835
0.000681031
0.000355838
-0.000374911
-0.00901705
-0.00526128
-0.000574362
0.00294076
0.00514703
0.00650902
0.00735085
0.00782297
0.00796958
0.00783154
0.00747447
0.00696182
0.00634026
0.00564362
0.00489761
0.00411982
0.00333163
0.00250027
0.00172433
0.000440365
0.00614941
0.0122095
0.014645
0.0140851
0.0130088
0.0120036
0.0109897
0.0100063
0.00910441
0.00827324
0.00748847
0.00673387
0.00599665
0.0052658
0.00453355
0.00379291
0.0030419
0.00225313
0.00146083
0.000422962
0.00774752
0.00856999
0.00883021
0.00864899
0.00855555
0.00849237
0.00830707
0.00801343
0.00765353
0.00723375
0.00675478
0.00622455
0.00565118
0.0050399
0.00439418
0.00371508
0.00300208
0.00224481
0.00143467
0.00056118
0.00809266
0.00858017
0.00914494
0.0093794
0.0093252
0.00910004
0.00874626
0.00830387
0.00781057
0.00728286
0.00672649
0.00614573
0.00554306
0.00491864
0.00427135
0.0035992
0.00289797
0.00216534
0.00137092
0.000655611
0.0081798
0.00847576
0.00873049
0.00877138
0.00864593
0.00843744
0.00815777
0.00780615
0.00739592
0.00693889
0.00644135
0.00590821
0.00534358
0.00475008
0.00412887
0.00348036
0.00280196
0.00209864
0.00133046
0.000724976
0.00813908
0.00835586
0.00849692
0.00851067
0.00841543
0.00823646
0.00797856
0.00764588
0.00725118
0.00680642
0.00631923
0.00579529
0.00523918
0.00465411
0.00404194
0.00340409
0.00273879
0.00205482
0.00130712
0.000768307
0.00806317
0.00824734
0.00833059
0.00830733
0.00820021
0.00802012
0.00777059
0.00745538
0.00708198
0.00665827
0.00619048
0.00568375
0.00514254
0.00457045
0.00397006
0.00334385
0.00269102
0.00202271
0.0012915
0.000791965
0.00799785
0.0081681
0.00822348
0.00817924
0.00806653
0.00788991
0.00764853
0.0073446
0.00698349
0.00657151
0.0061144
0.0056172
0.0050844
0.00451983
0.00392649
0.00330747
0.00266251
0.00200389
0.00128301
0.000804051
0.00796162
0.0081263
0.0081702
0.00811635
0.00800015
0.00782408
0.00758545
0.00728608
0.00693067
0.00652467
0.00607332
0.00558147
0.00505348
0.00449325
0.00390395
0.00328893
0.00264821
0.00199453
0.00127884
0.000808848
0.00796162
0.0081263
0.00817021
0.00811635
0.00800015
0.00782408
0.00758545
0.00728608
0.00693067
0.00652467
0.00607332
0.00558146
0.00505348
0.00449325
0.00390395
0.00328893
0.00264821
0.00199453
0.00127884
0.000808847
0.00799786
0.00816811
0.00822348
0.00817924
0.00806653
0.00788991
0.00764853
0.00734459
0.00698349
0.00657151
0.0061144
0.0056172
0.0050844
0.00451982
0.00392649
0.00330746
0.00266251
0.00200389
0.00128301
0.00080405
0.00806318
0.00824735
0.00833059
0.00830734
0.00820021
0.00802012
0.00777059
0.00745538
0.00708197
0.00665827
0.00619048
0.00568375
0.00514254
0.00457045
0.00397006
0.00334385
0.00269102
0.00202271
0.0012915
0.000791963
0.00813909
0.00835587
0.00849692
0.00851068
0.00841543
0.00823646
0.00797855
0.00764588
0.00725118
0.00680641
0.00631922
0.00579528
0.00523917
0.00465411
0.00404194
0.00340409
0.00273878
0.00205482
0.00130711
0.000768304
0.00817981
0.00847577
0.0087305
0.00877138
0.00864593
0.00843744
0.00815776
0.00780615
0.00739592
0.00693889
0.00644134
0.0059082
0.00534357
0.00475007
0.00412886
0.00348035
0.00280195
0.00209863
0.00133046
0.000724972
0.00809267
0.00858019
0.00914495
0.00937941
0.0093252
0.00910004
0.00874626
0.00830387
0.00781057
0.00728285
0.00672647
0.00614572
0.00554305
0.00491862
0.00427134
0.00359919
0.00289796
0.00216533
0.00137091
0.000655606
0.00774753
0.00857
0.00883022
0.00864899
0.00855556
0.00849237
0.00830707
0.00801342
0.00765352
0.00723373
0.00675477
0.00622453
0.00565117
0.00503989
0.00439417
0.00371507
0.00300207
0.0022448
0.00143466
0.000561174
0.00614942
0.0122095
0.014645
0.0140851
0.0130088
0.0120036
0.0109897
0.0100063
0.0091044
0.00827323
0.00748846
0.00673386
0.00599664
0.00526578
0.00453354
0.00379289
0.00304188
0.00225311
0.00146082
0.000422956
-0.00901703
-0.00526127
-0.00057435
0.00294077
0.00514704
0.00650902
0.00735084
0.00782296
0.00796957
0.00783153
0.00747446
0.0069618
0.00634024
0.0056436
0.0048976
0.00411981
0.00333161
0.00250025
0.00172431
0.000440345
0.0632069
0.0444188
0.0297912
0.0228194
0.0187207
0.015119
0.012133
0.00991755
0.00824468
0.00689425
0.00576818
0.00481325
0.00397944
0.00322525
0.00252545
0.001865
0.00125838
0.000681042
0.000355848
-0.000374893
0.0642394
0.0446725
0.0299848
0.0229867
0.0185629
0.0146148
0.0114047
0.0090862
0.00739732
0.00608859
0.0050367
0.00416765
0.00341752
0.00273741
0.00209931
0.0014888
0.000920222
0.000384204
9.48055e-05
-0.0004882
-0.00712357
-0.00394367
0.000726184
0.00482535
0.00769614
0.0093541
0.010105
0.0102355
0.00992266
0.00930539
0.00851028
0.00763016
0.00671912
0.00580585
0.00490657
0.00402358
0.00316184
0.00229238
0.00150499
0.000308571
0.00695344
0.0128281
0.0152465
0.0148296
0.0139775
0.0131205
0.0121526
0.0111388
0.0101484
0.0091901
0.00826106
0.00736144
0.00648817
0.00563503
0.00479608
0.00396355
0.00313386
0.00228424
0.00145028
0.00038783
0.00867174
0.00943954
0.00979618
0.00975563
0.00978845
0.00979278
0.00960758
0.009258
0.00879945
0.0082538
0.00763709
0.00696837
0.00626251
0.00552836
0.00477105
0.00399194
0.00319048
0.00235747
0.00149174
0.000557682
0.00887023
0.00917914
0.00973768
0.0100256
0.010037
0.00987366
0.00955945
0.00912732
0.00861552
0.00804492
0.00742771
0.00677444
0.00609263
0.00538628
0.0046571
0.00390505
0.00312804
0.00232473
0.00147841
0.000689328
0.00885447
0.00897498
0.00924841
0.00936848
0.0093108
0.00915141
0.00889897
0.00855208
0.00812606
0.00763573
0.00709118
0.00650117
0.00587298
0.00521173
0.00452065
0.00380179
0.00305482
0.00228507
0.00146981
0.000786958
0.00874843
0.00878488
0.00893341
0.00901094
0.00896461
0.00882082
0.0085867
0.00826445
0.00786606
0.00740421
0.00688817
0.00632564
0.00572317
0.00508574
0.00441694
0.00371972
0.00299472
0.00225101
0.00146272
0.000848452
0.00862891
0.00862926
0.00871487
0.00875239
0.00869175
0.00854468
0.00831837
0.00801508
0.00764156
0.00720629
0.00671659
0.00617899
0.00559934
0.00498259
0.00433275
0.00365362
0.00294675
0.00222337
0.00145613
0.000883145
0.00853678
0.00852174
0.00857643
0.00859021
0.008521
0.00837437
0.00815447
0.00786263
0.00750341
0.00708338
0.00660892
0.00608597
0.00552001
0.00491597
0.00427808
0.00361059
0.00291558
0.00220531
0.00145159
0.000900898
0.00848781
0.00846666
0.00850841
0.00851124
0.00843738
0.00829031
0.00807273
0.00778574
0.00743314
0.00702054
0.00655371
0.00603821
0.00547931
0.00488185
0.00425014
0.00358868
0.00289976
0.00219604
0.00144901
0.000908092
0.00848781
0.00846666
0.00850841
0.00851124
0.00843738
0.00829031
0.00807273
0.00778574
0.00743314
0.00702054
0.00655371
0.00603821
0.00547931
0.00488185
0.00425014
0.00358868
0.00289976
0.00219604
0.00144901
0.000908092
0.00853679
0.00852174
0.00857643
0.00859021
0.008521
0.00837436
0.00815447
0.00786262
0.00750341
0.00708338
0.00660892
0.00608596
0.00552001
0.00491597
0.00427807
0.00361059
0.00291558
0.0022053
0.00145158
0.000900896
0.00862892
0.00862927
0.00871487
0.00875239
0.00869175
0.00854468
0.00831837
0.00801507
0.00764155
0.00720628
0.00671659
0.00617899
0.00559933
0.00498259
0.00433275
0.00365361
0.00294674
0.00222337
0.00145613
0.000883143
0.00874844
0.00878488
0.00893341
0.00901094
0.00896461
0.00882082
0.0085867
0.00826444
0.00786605
0.0074042
0.00688816
0.00632564
0.00572316
0.00508573
0.00441693
0.00371971
0.00299471
0.002251
0.00146271
0.000848448
0.00885448
0.00897498
0.00924841
0.00936849
0.0093108
0.00915141
0.00889896
0.00855207
0.00812605
0.00763572
0.00709117
0.00650116
0.00587297
0.00521172
0.00452064
0.00380178
0.00305481
0.00228507
0.0014698
0.000786953
0.00887024
0.00917915
0.00973769
0.0100256
0.010037
0.00987365
0.00955945
0.00912732
0.00861551
0.00804491
0.00742769
0.00677443
0.00609262
0.00538627
0.00465709
0.00390503
0.00312803
0.00232472
0.0014784
0.000689322
0.00867176
0.00943956
0.00979619
0.00975563
0.00978845
0.00979278
0.00960757
0.00925799
0.00879944
0.00825379
0.00763707
0.00696836
0.00626249
0.00552835
0.00477104
0.00399193
0.00319047
0.00235746
0.00149173
0.000557674
0.00695346
0.0128281
0.0152465
0.0148296
0.0139775
0.0131205
0.0121526
0.0111388
0.0101484
0.00919009
0.00826105
0.00736142
0.00648815
0.00563502
0.00479606
0.00396354
0.00313384
0.00228423
0.00145027
0.00038782
-0.00712355
-0.00394366
0.000726193
0.00482536
0.00769614
0.0093541
0.010105
0.0102355
0.00992265
0.00930538
0.00851026
0.00763014
0.0067191
0.00580583
0.00490656
0.00402356
0.00316183
0.00229235
0.00150495
0.000308545
0.0642394
0.0446725
0.0299848
0.0229867
0.0185629
0.0146148
0.0114047
0.00908619
0.00739731
0.00608858
0.00503668
0.00416764
0.00341751
0.0027374
0.00209931
0.00148881
0.000920244
0.000384229
9.48364e-05
-0.000488171
)
;

boundaryField
{
    inlet
    {
        type            zeroGradient;
    }
    outlet
    {
        type            fixedValue;
        value           uniform 0;
    }
    walls
    {
        type            zeroGradient;
    }
    frontAndBack
    {
        type            empty;
    }
}


// ************************************************************************* //
