/*--------------------------------*- C++ -*----------------------------------*\
  =========                 |
  \\      /  F ield         | OpenFOAM: The Open Source CFD Toolbox
   \\    /   O peration     | Website:  https://openfoam.org
    \\  /    A nd           | Version:  9
     \\/     M anipulation  |
\*---------------------------------------------------------------------------*/
FoamFile
{
    format      ascii;
    class       volScalarField;
    location    "600";
    object      p;
}
// * * * * * * * * * * * * * * * * * * * * * * * * * * * * * * * * * * * * * //

dimensions      [0 2 -2 0 0 0 0];

internalField   nonuniform List<scalar> 
8000
(
0.0642394
0.0446725
0.0299848
0.0229868
0.0185629
0.0146148
0.0114047
0.00908621
0.00739733
0.0060886
0.0050367
0.00416765
0.00341752
0.0027374
0.0020993
0.00148879
0.000920207
0.000384182
9.47833e-05
-0.000488213
-0.00712353
-0.00394364
0.000726205
0.00482537
0.00769615
0.00935412
0.010105
0.0102355
0.00992268
0.0093054
0.00851028
0.00763016
0.00671912
0.00580584
0.00490657
0.00402358
0.00316185
0.00229238
0.00150499
0.000308578
0.00695348
0.0128281
0.0152466
0.0148296
0.0139775
0.0131206
0.0121527
0.0111388
0.0101484
0.00919011
0.00826107
0.00736144
0.00648817
0.00563503
0.00479608
0.00396356
0.00313386
0.00228425
0.00145029
0.000387834
0.00867178
0.00943957
0.0097962
0.00975564
0.00978847
0.0097928
0.00960759
0.00925801
0.00879946
0.00825381
0.0076371
0.00696838
0.00626251
0.00552836
0.00477106
0.00399195
0.00319049
0.00235748
0.00149174
0.000557686
0.00887026
0.00917917
0.0097377
0.0100256
0.0100371
0.00987367
0.00955947
0.00912734
0.00861554
0.00804493
0.00742771
0.00677445
0.00609264
0.00538628
0.0046571
0.00390505
0.00312804
0.00232474
0.00147841
0.000689333
0.0088545
0.008975
0.00924842
0.0093685
0.00931081
0.00915142
0.00889898
0.00855209
0.00812607
0.00763574
0.00709119
0.00650118
0.00587299
0.00521173
0.00452066
0.0038018
0.00305482
0.00228508
0.00146981
0.000786964
0.00874846
0.0087849
0.00893342
0.00901095
0.00896462
0.00882083
0.00858671
0.00826446
0.00786608
0.00740422
0.00688818
0.00632565
0.00572317
0.00508575
0.00441694
0.00371972
0.00299473
0.00225101
0.00146273
0.000848458
0.00862894
0.00862928
0.00871488
0.00875241
0.00869177
0.00854469
0.00831839
0.00801509
0.00764157
0.0072063
0.00671661
0.006179
0.00559935
0.0049826
0.00433276
0.00365362
0.00294675
0.00222338
0.00145614
0.000883152
0.00853681
0.00852176
0.00857644
0.00859022
0.00852101
0.00837438
0.00815448
0.00786264
0.00750343
0.00708339
0.00660893
0.00608598
0.00552002
0.00491598
0.00427808
0.00361059
0.00291558
0.00220531
0.00145159
0.000900905
0.00848783
0.00846668
0.00850843
0.00851125
0.00843739
0.00829032
0.00807274
0.00778575
0.00743316
0.00702055
0.00655373
0.00603823
0.00547932
0.00488186
0.00425015
0.00358869
0.00289976
0.00219605
0.00144902
0.0009081
0.00848783
0.00846668
0.00850843
0.00851125
0.00843739
0.00829032
0.00807274
0.00778575
0.00743316
0.00702055
0.00655372
0.00603823
0.00547932
0.00488186
0.00425015
0.00358869
0.00289976
0.00219605
0.00144902
0.0009081
0.00853681
0.00852176
0.00857644
0.00859022
0.00852101
0.00837438
0.00815448
0.00786264
0.00750343
0.00708339
0.00660893
0.00608598
0.00552002
0.00491598
0.00427808
0.00361059
0.00291558
0.00220531
0.00145159
0.000900905
0.00862894
0.00862928
0.00871488
0.00875241
0.00869177
0.00854469
0.00831839
0.00801509
0.00764157
0.0072063
0.00671661
0.006179
0.00559935
0.0049826
0.00433275
0.00365362
0.00294675
0.00222338
0.00145614
0.000883151
0.00874846
0.0087849
0.00893342
0.00901095
0.00896462
0.00882083
0.00858671
0.00826446
0.00786607
0.00740422
0.00688818
0.00632565
0.00572317
0.00508575
0.00441694
0.00371972
0.00299472
0.00225101
0.00146272
0.000848456
0.0088545
0.008975
0.00924842
0.0093685
0.00931081
0.00915142
0.00889898
0.00855209
0.00812607
0.00763574
0.00709119
0.00650117
0.00587298
0.00521173
0.00452065
0.00380179
0.00305482
0.00228508
0.00146981
0.000786961
0.00887026
0.00917917
0.0097377
0.0100256
0.0100371
0.00987367
0.00955947
0.00912734
0.00861554
0.00804493
0.00742771
0.00677444
0.00609264
0.00538628
0.0046571
0.00390505
0.00312804
0.00232474
0.00147841
0.000689329
0.00867178
0.00943957
0.0097962
0.00975564
0.00978846
0.0097928
0.00960759
0.00925801
0.00879946
0.00825381
0.00763709
0.00696838
0.00626251
0.00552836
0.00477105
0.00399195
0.00319048
0.00235747
0.00149174
0.000557681
0.00695347
0.0128281
0.0152466
0.0148296
0.0139775
0.0131206
0.0121527
0.0111388
0.0101484
0.00919011
0.00826107
0.00736144
0.00648817
0.00563503
0.00479608
0.00396355
0.00313386
0.00228424
0.00145028
0.000387827
-0.00712354
-0.00394364
0.000726204
0.00482537
0.00769615
0.00935412
0.010105
0.0102355
0.00992267
0.0093054
0.00851028
0.00763016
0.00671912
0.00580584
0.00490657
0.00402358
0.00316184
0.00229237
0.00150498
0.000308561
0.0642394
0.0446725
0.0299848
0.0229868
0.0185629
0.0146148
0.0114047
0.00908621
0.00739733
0.00608859
0.0050367
0.00416765
0.00341752
0.0027374
0.0020993
0.00148879
0.000920216
0.000384198
9.48036e-05
-0.000488193
0.0632069
0.0444188
0.0297912
0.0228195
0.0187207
0.0151191
0.012133
0.00991757
0.0082447
0.00689427
0.0057682
0.00481326
0.00397945
0.00322526
0.00252545
0.00186498
0.00125834
0.00068101
0.000355813
-0.000374923
-0.00901701
-0.00526125
-0.000574337
0.00294078
0.00514705
0.00650904
0.00735087
0.00782299
0.0079696
0.00783156
0.00747448
0.00696182
0.00634026
0.00564362
0.00489761
0.00411983
0.00333163
0.00250028
0.00172434
0.000440371
0.00614945
0.0122096
0.014645
0.0140851
0.0130088
0.0120036
0.0109897
0.0100064
0.00910442
0.00827325
0.00748848
0.00673388
0.00599666
0.0052658
0.00453355
0.00379291
0.0030419
0.00225313
0.00146084
0.000422966
0.00774756
0.00857002
0.00883024
0.00864901
0.00855557
0.00849239
0.00830709
0.00801344
0.00765355
0.00723376
0.00675479
0.00622455
0.00565119
0.00503991
0.00439418
0.00371509
0.00300208
0.00224482
0.00143468
0.000561184
0.00809269
0.0085802
0.00914496
0.00937942
0.00932522
0.00910006
0.00874628
0.00830389
0.00781059
0.00728287
0.00672649
0.00614574
0.00554307
0.00491864
0.00427136
0.0035992
0.00289797
0.00216534
0.00137093
0.000655615
0.00817984
0.00847579
0.00873052
0.0087714
0.00864595
0.00843745
0.00815778
0.00780617
0.00739594
0.00693891
0.00644136
0.00590822
0.00534359
0.00475009
0.00412887
0.00348037
0.00280197
0.00209865
0.00133047
0.000724981
0.00813911
0.00835589
0.00849694
0.00851069
0.00841544
0.00823647
0.00797857
0.0076459
0.0072512
0.00680643
0.00631924
0.0057953
0.00523919
0.00465412
0.00404195
0.0034041
0.00273879
0.00205482
0.00130712
0.000768313
0.0080632
0.00824737
0.00833061
0.00830735
0.00820023
0.00802014
0.0077706
0.00745539
0.00708199
0.00665829
0.0061905
0.00568377
0.00514255
0.00457046
0.00397007
0.00334386
0.00269103
0.00202272
0.00129151
0.000791971
0.00799789
0.00816813
0.0082235
0.00817926
0.00806654
0.00788993
0.00764855
0.00734461
0.0069835
0.00657153
0.00611441
0.00561721
0.00508441
0.00451983
0.0039265
0.00330747
0.00266252
0.0020039
0.00128301
0.000804058
0.00796165
0.00812632
0.00817022
0.00811636
0.00800016
0.0078241
0.00758546
0.00728609
0.00693068
0.00652468
0.00607334
0.00558148
0.00505349
0.00449326
0.00390396
0.00328894
0.00264822
0.00199453
0.00127884
0.000808854
0.00796165
0.00812632
0.00817022
0.00811636
0.00800016
0.00782409
0.00758546
0.00728609
0.00693068
0.00652468
0.00607334
0.00558148
0.00505349
0.00449326
0.00390396
0.00328893
0.00264822
0.00199453
0.00127884
0.000808854
0.00799789
0.00816813
0.0082235
0.00817925
0.00806654
0.00788993
0.00764854
0.00734461
0.0069835
0.00657153
0.00611441
0.00561721
0.00508441
0.00451983
0.0039265
0.00330747
0.00266251
0.00200389
0.00128301
0.000804057
0.0080632
0.00824737
0.00833061
0.00830735
0.00820023
0.00802013
0.0077706
0.00745539
0.00708199
0.00665829
0.0061905
0.00568376
0.00514255
0.00457046
0.00397007
0.00334386
0.00269103
0.00202272
0.0012915
0.00079197
0.00813911
0.00835589
0.00849694
0.00851069
0.00841544
0.00823647
0.00797857
0.0076459
0.0072512
0.00680643
0.00631924
0.0057953
0.00523919
0.00465412
0.00404195
0.0034041
0.00273879
0.00205482
0.00130712
0.000768311
0.00817984
0.00847579
0.00873052
0.00877139
0.00864595
0.00843745
0.00815778
0.00780617
0.00739594
0.00693891
0.00644136
0.00590822
0.00534359
0.00475008
0.00412887
0.00348036
0.00280196
0.00209864
0.00133047
0.000724978
0.00809269
0.0085802
0.00914496
0.00937942
0.00932522
0.00910005
0.00874627
0.00830389
0.00781059
0.00728287
0.00672649
0.00614574
0.00554306
0.00491864
0.00427135
0.0035992
0.00289797
0.00216534
0.00137092
0.000655611
0.00774756
0.00857002
0.00883024
0.00864901
0.00855557
0.00849238
0.00830709
0.00801344
0.00765355
0.00723376
0.00675479
0.00622455
0.00565118
0.00503991
0.00439418
0.00371508
0.00300208
0.00224481
0.00143467
0.000561178
0.00614945
0.0122096
0.014645
0.0140851
0.0130088
0.0120036
0.0109897
0.0100063
0.00910442
0.00827325
0.00748848
0.00673388
0.00599665
0.0052658
0.00453355
0.0037929
0.00304189
0.00225313
0.00146083
0.000422958
-0.00901701
-0.00526125
-0.000574337
0.00294078
0.00514705
0.00650904
0.00735086
0.00782299
0.0079696
0.00783155
0.00747448
0.00696182
0.00634026
0.00564361
0.00489761
0.00411982
0.00333162
0.00250026
0.00172432
0.00044035
0.0632069
0.0444188
0.0297912
0.0228195
0.0187207
0.0151191
0.012133
0.00991757
0.0082447
0.00689427
0.0057682
0.00481326
0.00397945
0.00322526
0.00252545
0.00186498
0.00125835
0.000681026
0.000355833
-0.000374904
0.062944
0.0436834
0.028892
0.0219359
0.0179758
0.014568
0.0117672
0.00970691
0.00815415
0.00688734
0.00581253
0.00488583
0.0040675
0.0033242
0.00263662
0.00199195
0.00140463
0.000839649
0.000512227
-0.000277586
-0.00978867
-0.00608781
-0.00150124
0.00182202
0.00374974
0.00481356
0.00540283
0.00571234
0.00580702
0.00572483
0.0055125
0.00520825
0.00483328
0.0043992
0.0039156
0.00338679
0.00282553
0.00219268
0.00158181
0.000446954
0.0057466
0.0117748
0.0141231
0.0134708
0.0122997
0.0112073
0.010118
0.00906734
0.00811332
0.00725655
0.00647884
0.00576493
0.0050992
0.00446489
0.00384737
0.00323244
0.00261182
0.00195426
0.00128468
0.000397752
0.00722884
0.00790123
0.00805654
0.00778454
0.00759003
0.00743032
0.00716926
0.00682501
0.00644384
0.00603495
0.00559759
0.00513599
0.00465381
0.00415132
0.00362705
0.00307781
0.00249938
0.00188106
0.00120677
0.000496817
0.00759807
0.00796193
0.00845153
0.00863145
0.00852902
0.00825998
0.00786872
0.00739645
0.00688364
0.00635119
0.0058081
0.00526
0.00470919
0.00415431
0.00359185
0.0030173
0.00242367
0.00180898
0.00113492
0.000556284
0.00771094
0.0078782
0.00805425
0.00803878
0.00786099
0.00760391
0.00728572
0.00690923
0.00648872
0.00603684
0.00556025
0.00506354
0.0045501
0.00402147
0.00347747
0.00291724
0.00233644
0.00174121
0.00108462
0.000593774
0.00769679
0.00778952
0.00785956
0.00782756
0.00769219
0.00747711
0.00719037
0.00683841
0.00643507
0.00599347
0.00552215
0.00502712
0.00451283
0.00398205
0.00343584
0.00287483
0.00229585
0.00170893
0.0010626
0.000617962
0.00764253
0.00770729
0.00772393
0.00765915
0.00751531
0.0073013
0.0070238
0.00668946
0.00630733
0.0058863
0.00543318
0.00495326
0.00445079
0.00392891
0.00338954
0.00283455
0.00226191
0.00168403
0.00104771
0.000629834
0.00759209
0.00764646
0.00763838
0.00755574
0.00740944
0.00720187
0.00693485
0.0066131
0.00624355
0.00583351
0.00538943
0.00491664
0.00441958
0.00390174
0.00336557
0.0028136
0.00224447
0.00167166
0.00104113
0.000636267
0.00756335
0.00761401
0.00759607
0.00750531
0.00735689
0.00715099
0.00688741
0.00657042
0.00620635
0.00580177
0.00536264
0.00489415
0.00440063
0.00388566
0.00335187
0.0028021
0.00223525
0.00166527
0.00103784
0.00063871
0.00756335
0.00761401
0.00759607
0.00750531
0.00735689
0.00715099
0.00688741
0.00657042
0.00620635
0.00580177
0.00536264
0.00489415
0.00440063
0.00388566
0.00335187
0.0028021
0.00223525
0.00166527
0.00103784
0.000638709
0.00759209
0.00764646
0.00763838
0.00755574
0.00740944
0.00720187
0.00693485
0.0066131
0.00624355
0.00583351
0.00538943
0.00491664
0.00441958
0.00390174
0.00336557
0.0028136
0.00224447
0.00167166
0.00104113
0.000636266
0.00764253
0.00770729
0.00772393
0.00765915
0.00751531
0.0073013
0.0070238
0.00668946
0.00630733
0.0058863
0.00543318
0.00495326
0.00445079
0.00392891
0.00338954
0.00283455
0.00226191
0.00168403
0.00104771
0.000629832
0.00769679
0.00778952
0.00785956
0.00782756
0.00769219
0.00747711
0.00719037
0.00683841
0.00643507
0.00599347
0.00552215
0.00502712
0.00451283
0.00398205
0.00343583
0.00287483
0.00229584
0.00170893
0.0010626
0.00061796
0.00771094
0.0078782
0.00805425
0.00803878
0.00786099
0.00760391
0.00728572
0.00690923
0.00648872
0.00603683
0.00556025
0.00506354
0.0045501
0.00402147
0.00347747
0.00291724
0.00233644
0.0017412
0.00108461
0.000593771
0.00759807
0.00796193
0.00845153
0.00863145
0.00852902
0.00825998
0.00786872
0.00739644
0.00688364
0.00635119
0.0058081
0.00526
0.00470919
0.00415431
0.00359185
0.00301729
0.00242367
0.00180898
0.00113491
0.000556281
0.00722884
0.00790123
0.00805654
0.00778454
0.00759003
0.00743032
0.00716926
0.00682501
0.00644384
0.00603495
0.00559759
0.00513599
0.00465381
0.00415132
0.00362705
0.0030778
0.00249937
0.00188105
0.00120676
0.000496811
0.0057466
0.0117748
0.0141231
0.0134708
0.0122997
0.0112073
0.010118
0.00906734
0.00811332
0.00725655
0.00647884
0.00576493
0.00509919
0.00446489
0.00384737
0.00323244
0.00261181
0.00195425
0.00128467
0.000397746
-0.00978867
-0.00608781
-0.00150124
0.00182202
0.00374973
0.00481356
0.00540283
0.00571233
0.00580702
0.00572483
0.0055125
0.00520824
0.00483327
0.0043992
0.00391559
0.00338678
0.00282551
0.00219266
0.00158178
0.000446935
0.062944
0.0436834
0.028892
0.0219359
0.0179758
0.014568
0.0117672
0.00970691
0.00815415
0.00688734
0.00581253
0.00488583
0.00406749
0.0033242
0.00263662
0.00199195
0.00140464
0.000839661
0.000512241
-0.000277571
0.0624093
0.0429969
0.0281461
0.0212116
0.0173083
0.0139631
0.0112195
0.00921352
0.00771583
0.00650484
0.00548587
0.00461522
0.00385361
0.00316791
0.00253884
0.0019531
0.00142236
0.000908545
0.000595218
-0.0001573
-0.0104217
-0.00679445
-0.00228743
0.000968287
0.00283099
0.003829
0.00435031
0.00459229
0.00462555
0.00449413
0.00425036
0.00393739
0.00357987
0.00319093
0.00278023
0.00235089
0.00191412
0.00143565
0.00100722
0.000204488
0.00521759
0.0112158
0.0135296
0.0128545
0.0116681
0.0105608
0.00945496
0.00838499
0.00740985
0.00653271
0.00573828
0.00501492
0.00435126
0.00373455
0.00315331
0.00259571
0.0020549
0.00150564
0.000967308
0.000297671
0.00668206
0.00728501
0.00738558
0.00707392
0.0068437
0.00665201
0.00636455
0.00599846
0.00559966
0.00517891
0.00473753
0.00428198
0.00381849
0.00334969
0.00287603
0.00239614
0.00190727
0.0014042
0.000869467
0.000366084
0.00706196
0.00736618
0.00781279
0.00796206
0.00783282
0.00754304
0.00713865
0.00665949
0.00614424
0.00561314
0.00507559
0.00453854
0.00400647
0.00348068
0.00296025
0.0024433
0.00192488
0.00140759
0.000852667
0.00042473
0.00718351
0.00728661
0.00741799
0.00737515
0.00717362
0.00689527
0.00656043
0.00617306
0.00574787
0.00529804
0.0048309
0.00435161
0.00386439
0.00337195
0.0028754
0.00237554
0.0018694
0.00136637
0.000820551
0.000447636
0.0071809
0.00720931
0.0072368
0.00718135
0.00702586
0.00679268
0.00649261
0.00613329
0.00572874
0.00529234
0.00483313
0.00435763
0.00387099
0.00337688
0.00287738
0.00237445
0.00186586
0.00136384
0.000818738
0.00046577
0.00713746
0.00713784
0.00711245
0.00702568
0.00686349
0.00663283
0.00634279
0.00600121
0.00561771
0.00520184
0.00476117
0.00430158
0.00382786
0.00334375
0.00285175
0.00235457
0.0018507
0.00135398
0.000813509
0.000473106
0.00709513
0.0070854
0.00703581
0.00693229
0.00676904
0.00654612
0.00626765
0.00593958
0.00556938
0.00516506
0.00473379
0.00428155
0.0038133
0.00333307
0.00284381
0.00234867
0.00184659
0.00135207
0.000813587
0.000478046
0.00707071
0.00705747
0.0069983
0.00688712
0.00672235
0.00650164
0.00622702
0.00590396
0.00553936
0.00514049
0.00471414
0.00426613
0.00380138
0.00332394
0.00283686
0.00234351
0.00184298
0.00135004
0.000812962
0.000479861
0.00707071
0.00705747
0.0069983
0.00688712
0.00672235
0.00650164
0.00622702
0.00590396
0.00553936
0.00514049
0.00471414
0.00426613
0.00380138
0.00332394
0.00283686
0.00234351
0.00184298
0.00135004
0.000812962
0.000479861
0.00709513
0.0070854
0.00703581
0.00693229
0.00676904
0.00654612
0.00626765
0.00593958
0.00556938
0.00516506
0.00473379
0.00428155
0.0038133
0.00333307
0.00284381
0.00234867
0.00184659
0.00135207
0.000813586
0.000478046
0.00713746
0.00713784
0.00711245
0.00702568
0.00686349
0.00663283
0.00634279
0.00600121
0.00561771
0.00520184
0.00476117
0.00430158
0.00382786
0.00334374
0.00285175
0.00235457
0.0018507
0.00135398
0.000813508
0.000473105
0.0071809
0.00720931
0.0072368
0.00718135
0.00702586
0.00679268
0.00649261
0.00613329
0.00572874
0.00529234
0.00483313
0.00435763
0.00387099
0.00337688
0.00287738
0.00237445
0.00186586
0.00136384
0.000818737
0.000465769
0.00718351
0.00728661
0.00741799
0.00737515
0.00717362
0.00689527
0.00656043
0.00617306
0.00574787
0.00529804
0.00483089
0.00435161
0.00386439
0.00337195
0.00287539
0.00237554
0.0018694
0.00136636
0.000820549
0.000447634
0.00706196
0.00736617
0.00781279
0.00796206
0.00783282
0.00754303
0.00713865
0.00665949
0.00614424
0.00561314
0.00507559
0.00453854
0.00400647
0.00348068
0.00296025
0.0024433
0.00192488
0.00140759
0.000852664
0.000424727
0.00668206
0.00728501
0.00738558
0.00707391
0.0068437
0.00665201
0.00636454
0.00599846
0.00559966
0.00517891
0.00473753
0.00428198
0.00381849
0.00334969
0.00287602
0.00239614
0.00190726
0.00140419
0.000869462
0.000366081
0.00521759
0.0112158
0.0135296
0.0128545
0.0116681
0.0105608
0.00945496
0.00838499
0.00740985
0.00653271
0.00573828
0.00501492
0.00435126
0.00373455
0.0031533
0.0025957
0.00205489
0.00150563
0.000967302
0.000297668
-0.0104217
-0.00679445
-0.00228743
0.000968287
0.00283099
0.003829
0.00435031
0.00459229
0.00462555
0.00449412
0.00425036
0.00393739
0.00357987
0.00319093
0.00278022
0.00235089
0.00191411
0.00143563
0.00100721
0.000204476
0.0624093
0.0429969
0.0281461
0.0212116
0.0173083
0.0139631
0.0112195
0.00921352
0.00771583
0.00650484
0.00548586
0.00461522
0.00385361
0.00316791
0.00253884
0.0019531
0.00142236
0.000908551
0.000595226
-0.000157291
0.061876
0.0424144
0.0275479
0.0206319
0.0167586
0.0134426
0.010727
0.00875017
0.00728446
0.00610816
0.00512666
0.00429695
0.00358049
0.00294456
0.00236976
0.00184228
0.00137035
0.000915177
0.000627578
-6.46559e-05
-0.0109675
-0.00736859
-0.00288706
0.000352769
0.00220167
0.00318635
0.00369552
0.00392698
0.00395121
0.00381207
0.00356243
0.00324682
0.0028918
0.00251252
0.00212075
0.00172238
0.00133157
0.000924541
0.000598227
2.14144e-05
0.00469737
0.0106727
0.0129731
0.0122995
0.0111223
0.0100268
0.00893251
0.00787251
0.0069056
0.00603546
0.00524765
0.00453182
0.00387837
0.0032766
0.00271738
0.00219189
0.00169639
0.00121366
0.000759826
0.000240049
0.00616214
0.00673485
0.00681308
0.00648885
0.00624988
0.00605285
0.00576444
0.00540167
0.00500971
0.00459866
0.00416938
0.00372842
0.00328271
0.00283623
0.00239131
0.00194934
0.00151061
0.0010766
0.000631771
0.000268187
0.00654875
0.00682581
0.00725432
0.00739475
0.00725981
0.00696812
0.00656676
0.00609507
0.00559092
0.00507402
0.00455345
0.00403611
0.00352686
0.00302784
0.00253948
0.00206202
0.00159288
0.00113907
0.000664602
0.00033267
0.00667509
0.00674938
0.00686158
0.00680991
0.0066029
0.00632233
0.00598964
0.00560863
0.00519349
0.00475725
0.00430726
0.0038489
0.00338678
0.00292424
0.00246332
0.00200621
0.00155145
0.00111089
0.000642834
0.000344538
0.00667791
0.00667681
0.00668535
0.00662194
0.00646148
0.00622621
0.0059286
0.00557638
0.00518304
0.00476171
0.00432141
0.0038688
0.00340932
0.00294715
0.00248505
0.00202596
0.0015687
0.00112668
0.000655118
0.000360141
0.00663943
0.00660948
0.00656471
0.00647002
0.006303
0.0060704
0.00578302
0.00544877
0.00507672
0.00467621
0.00425481
0.00381863
0.00337275
0.00292141
0.00246765
0.0020149
0.00156234
0.00112427
0.000654991
0.000364681
0.00660089
0.00656027
0.00649103
0.00637968
0.00621183
0.00598715
0.00571152
0.00539102
0.00503264
0.00464413
0.00423267
0.00380441
0.00336458
0.00291763
0.00246695
0.0020163
0.00156513
0.00112808
0.000658899
0.000369001
0.00657851
0.0065341
0.00645512
0.00633612
0.00616681
0.00594441
0.00567269
0.0053573
0.00500464
0.00462174
0.00421537
0.00379153
0.00335537
0.00291136
0.00246296
0.00201408
0.00156424
0.00112822
0.000659589
0.000370465
0.00657851
0.0065341
0.00645512
0.00633612
0.00616681
0.00594441
0.00567269
0.0053573
0.00500464
0.00462174
0.00421537
0.00379153
0.00335537
0.00291136
0.00246296
0.00201408
0.00156424
0.00112822
0.000659589
0.000370465
0.00660089
0.00656027
0.00649103
0.00637968
0.00621183
0.00598715
0.00571152
0.00539102
0.00503264
0.00464413
0.00423267
0.00380441
0.00336458
0.00291763
0.00246695
0.0020163
0.00156513
0.00112808
0.000658899
0.000369001
0.00663943
0.00660948
0.00656471
0.00647002
0.006303
0.0060704
0.00578302
0.00544877
0.00507672
0.00467621
0.00425481
0.00381863
0.00337275
0.0029214
0.00246765
0.00201489
0.00156234
0.00112427
0.00065499
0.00036468
0.00667791
0.00667681
0.00668535
0.00662194
0.00646148
0.0062262
0.0059286
0.00557638
0.00518304
0.00476171
0.00432141
0.0038688
0.00340932
0.00294715
0.00248505
0.00202596
0.0015687
0.00112668
0.000655117
0.00036014
0.00667509
0.00674938
0.00686157
0.00680991
0.0066029
0.00632233
0.00598964
0.00560863
0.00519349
0.00475724
0.00430726
0.0038489
0.00338678
0.00292424
0.00246332
0.00200621
0.00155145
0.00111089
0.000642833
0.000344537
0.00654875
0.00682581
0.00725432
0.00739475
0.00725981
0.00696812
0.00656676
0.00609507
0.00559092
0.00507402
0.00455344
0.00403611
0.00352686
0.00302784
0.00253948
0.00206202
0.00159288
0.00113907
0.0006646
0.000332669
0.00616214
0.00673485
0.00681308
0.00648885
0.00624988
0.00605285
0.00576444
0.00540167
0.00500971
0.00459865
0.00416938
0.00372842
0.00328271
0.00283623
0.00239131
0.00194933
0.00151061
0.00107659
0.000631769
0.000268186
0.00469737
0.0106727
0.0129731
0.0122995
0.0111223
0.0100268
0.00893251
0.00787251
0.0069056
0.00603546
0.00524765
0.00453182
0.00387837
0.0032766
0.00271738
0.00219189
0.00169639
0.00121366
0.000759823
0.000240048
-0.0109675
-0.00736859
-0.00288706
0.000352769
0.00220167
0.00318635
0.00369552
0.00392698
0.00395121
0.00381207
0.00356242
0.00324682
0.0028918
0.00251251
0.00212075
0.00172237
0.00133156
0.000924535
0.00059822
2.14095e-05
0.061876
0.0424144
0.0275479
0.0206319
0.0167586
0.0134426
0.010727
0.00875017
0.00728446
0.00610816
0.00512666
0.00429695
0.00358049
0.00294456
0.00236976
0.00184228
0.00137036
0.00091518
0.000627582
-6.46518e-05
0.0614313
0.0419586
0.0270938
0.020192
0.0163364
0.013038
0.010341
0.00838592
0.00694519
0.00579677
0.00484585
0.00404953
0.00336936
0.00277255
0.00223935
0.00175538
0.00132651
0.000912343
0.000647761
-1.9796e-05
-0.0114109
-0.00781741
-0.00333587
-9.08263e-05
0.0017631
0.00275207
0.00326627
0.00350449
0.00353737
0.00340864
0.00317118
0.00286972
0.0025312
0.00217118
0.00180204
0.00143072
0.00107263
0.000708806
0.000436761
-3.68942e-05
0.00426024
0.0102282
0.0125282
0.0118626
0.0106973
0.00961562
0.00853688
0.0074935
0.00654404
0.00569212
0.00492341
0.00422778
0.00359609
0.00301822
0.00248573
0.00199094
0.00153096
0.00109186
0.000684004
0.000234993
0.00572615
0.00628978
0.00636482
0.00604334
0.0058092
0.00561855
0.00533866
0.00498687
0.00460843
0.00421345
0.00380273
0.00338272
0.00296043
0.00254003
0.00212422
0.00171512
0.00131383
0.000924028
0.000529425
0.000231128
0.00611597
0.00638425
0.00680996
0.00695362
0.00682441
0.00654063
0.00614984
0.0056913
0.0052027
0.00470374
0.0042035
0.00370892
0.00322493
0.00275384
0.00229637
0.0018532
0.00142221
0.00101107
0.000584367
0.000296113
0.00624473
0.00630943
0.00641804
0.00636879
0.00616653
0.0058929
0.00557001
0.00520159
0.00480169
0.0043833
0.00395382
0.00351867
0.00308249
0.00264877
0.00221968
0.00179765
0.00138144
0.000982634
0.000561956
0.000298339
0.00624991
0.00623867
0.00624333
0.00618216
0.00602616
0.00579753
0.00550961
0.00517017
0.00479251
0.00438968
0.00397068
0.00354214
0.0031095
0.00267697
0.00224736
0.00182367
0.00140481
0.00100338
0.000577886
0.000310876
0.00621346
0.00617274
0.00612365
0.00603092
0.00586805
0.00564177
0.0053639
0.00504242
0.0046862
0.00430444
0.00390469
0.00349298
0.00307434
0.00265297
0.00223191
0.00181454
0.00140006
0.00100168
0.000577626
0.000312528
0.00617644
0.00612457
0.0060507
0.00594116
0.0057773
0.00555879
0.00529258
0.00498486
0.00464241
0.00427287
0.00388337
0.00347993
0.00306769
0.00265101
0.0022332
0.00181792
0.00140457
0.0010066
0.000581928
0.000315754
0.00615486
0.00609895
0.00601517
0.00589788
0.00573248
0.00551617
0.0052538
0.00495118
0.00461449
0.00425066
0.00386638
0.00346751
0.00305908
0.00264545
0.00222999
0.00181643
0.00140426
0.00100701
0.000582549
0.000316643
0.00615486
0.00609895
0.00601517
0.00589788
0.00573248
0.00551617
0.0052538
0.00495118
0.00461449
0.00425066
0.00386638
0.00346751
0.00305908
0.00264545
0.00222999
0.00181643
0.00140426
0.00100701
0.000582549
0.000316643
0.00617644
0.00612457
0.0060507
0.00594116
0.0057773
0.00555879
0.00529258
0.00498486
0.00464241
0.00427287
0.00388337
0.00347993
0.00306769
0.00265101
0.0022332
0.00181792
0.00140457
0.0010066
0.000581928
0.000315754
0.00621346
0.00617274
0.00612365
0.00603092
0.00586805
0.00564177
0.0053639
0.00504242
0.0046862
0.00430444
0.00390469
0.00349298
0.00307434
0.00265297
0.00223191
0.00181454
0.00140006
0.00100168
0.000577626
0.000312528
0.00624991
0.00623867
0.00624333
0.00618216
0.00602616
0.00579753
0.00550961
0.00517017
0.00479251
0.00438968
0.00397068
0.00354214
0.0031095
0.00267697
0.00224736
0.00182367
0.00140481
0.00100338
0.000577886
0.000310876
0.00624473
0.00630943
0.00641804
0.00636879
0.00616653
0.0058929
0.00557001
0.00520159
0.00480169
0.0043833
0.00395382
0.00351867
0.00308249
0.00264876
0.00221968
0.00179765
0.00138144
0.000982633
0.000561956
0.000298339
0.00611597
0.00638425
0.00680996
0.00695362
0.00682441
0.00654063
0.00614984
0.00569129
0.0052027
0.00470374
0.0042035
0.00370892
0.00322493
0.00275384
0.00229637
0.0018532
0.00142221
0.00101107
0.000584366
0.000296113
0.00572615
0.00628978
0.00636482
0.00604334
0.0058092
0.00561855
0.00533866
0.00498687
0.00460843
0.00421345
0.00380272
0.00338272
0.00296043
0.00254003
0.00212422
0.00171512
0.00131383
0.000924027
0.000529424
0.000231127
0.00426024
0.0102282
0.0125282
0.0118626
0.0106973
0.00961562
0.00853688
0.0074935
0.00654404
0.00569212
0.0049234
0.00422778
0.00359609
0.00301822
0.00248573
0.00199093
0.00153096
0.00109186
0.000684003
0.000234992
-0.0114109
-0.00781741
-0.00333587
-9.08265e-05
0.0017631
0.00275207
0.00326627
0.00350449
0.00353737
0.00340864
0.00317118
0.00286972
0.0025312
0.00217117
0.00180204
0.00143072
0.00107263
0.000708803
0.000436758
-3.68957e-05
0.0614313
0.0419586
0.0270938
0.020192
0.0163364
0.013038
0.010341
0.00838592
0.00694518
0.00579677
0.00484585
0.00404953
0.00336936
0.00277255
0.00223935
0.00175538
0.00132651
0.000912345
0.000647763
-1.97946e-05
0.0610926
0.0416227
0.026766
0.0198762
0.0160338
0.012749
0.0100671
0.00812948
0.00670858
0.00558213
0.0046552
0.0038848
0.00323236
0.00266476
0.00216171
0.00170795
0.00130765
0.00091803
0.000667832
4.52261e-07
-0.0117464
-0.00814916
-0.00365983
-0.000404834
0.00145886
0.00245767
0.00298263
0.00323296
0.00327937
0.00316559
0.00294448
0.00266082
0.00234149
0.00200196
0.00165448
0.00130591
0.000971452
0.000633037
0.000386038
-4.71829e-05
0.00392643
0.00989665
0.012203
0.0115472
0.0103932
0.00932431
0.00825978
0.0072321
0.0062997
0.00546613
0.00471696
0.00404205
0.00343219
0.0028772
0.00236855
0.00189849
0.00146366
0.00105049
0.00066409
0.00024309
0.0053931
0.00595833
0.00603876
0.00572561
0.00550113
0.00532126
0.00505352
0.00471532
0.00435196
0.00397359
0.00358102
0.00318067
0.00277948
0.00238153
0.00198938
0.001605
0.00122909
0.000865204
0.000495153
0.000222291
0.00578417
0.00605373
0.00648445
0.00663622
0.00651681
0.00624436
0.00586659
0.00542265
0.00495012
0.00446866
0.00398734
0.00351309
0.0030508
0.00260273
0.00216944
0.00175139
0.00134606
0.000960301
0.000558087
0.000286485
0.00591388
0.00597937
0.00609245
0.00605072
0.00585763
0.00559475
0.00528439
0.00493019
0.00454606
0.00414497
0.00373431
0.00331946
0.00290502
0.00249438
0.00208957
0.00169268
0.00130211
0.000928233
0.000532643
0.000283022
0.00591993
0.00590908
0.00591789
0.00586399
0.0057169
0.00549884
0.00522342
0.00489829
0.00453657
0.00415127
0.00375135
0.0033434
0.00293276
0.00252352
0.0021183
0.00171973
0.00132636
0.000949374
0.000548904
0.000293708
0.00588417
0.00584347
0.00579824
0.00571255
0.00555835
0.00534242
0.0050769
0.00476966
0.00442938
0.0040652
0.00368463
0.00329362
0.0028971
0.00249909
0.00210243
0.00171009
0.00132093
0.000946669
0.000547613
0.000293657
0.00584763
0.00579551
0.00572531
0.00562268
0.00546735
0.00525908
0.00500513
0.00471163
0.00438515
0.00403326
0.00366303
0.0032804
0.00289038
0.00249714
0.00210376
0.00171347
0.00132531
0.00095125
0.000551507
0.000296136
0.0058263
0.00577
0.00568978
0.00557933
0.0054224
0.00521625
0.0049661
0.00467767
0.00435696
0.0040108
0.00364583
0.00326781
0.00288164
0.00249149
0.00210045
0.00171185
0.00132481
0.00095138
0.000551809
0.000296631
0.0058263
0.00577
0.00568978
0.00557933
0.0054224
0.00521625
0.0049661
0.00467767
0.00435696
0.0040108
0.00364583
0.00326781
0.00288164
0.00249149
0.00210045
0.00171185
0.00132481
0.00095138
0.000551809
0.000296631
0.00584763
0.00579551
0.00572531
0.00562268
0.00546735
0.00525908
0.00500513
0.00471163
0.00438515
0.00403326
0.00366303
0.0032804
0.00289038
0.00249714
0.00210376
0.00171347
0.00132531
0.00095125
0.000551507
0.000296136
0.00588417
0.00584347
0.00579824
0.00571255
0.00555835
0.00534242
0.0050769
0.00476966
0.00442938
0.0040652
0.00368463
0.00329362
0.0028971
0.00249909
0.00210243
0.00171009
0.00132093
0.000946669
0.000547612
0.000293657
0.00591993
0.00590908
0.00591789
0.00586399
0.0057169
0.00549884
0.00522342
0.00489829
0.00453657
0.00415127
0.00375135
0.0033434
0.00293276
0.00252352
0.0021183
0.00171973
0.00132636
0.000949374
0.000548903
0.000293708
0.00591388
0.00597937
0.00609245
0.00605072
0.00585763
0.00559475
0.00528439
0.00493019
0.00454606
0.00414497
0.00373431
0.00331946
0.00290502
0.00249438
0.00208957
0.00169268
0.00130211
0.000928233
0.000532642
0.000283022
0.00578417
0.00605373
0.00648445
0.00663622
0.00651681
0.00624436
0.00586659
0.00542265
0.00495012
0.00446866
0.00398734
0.00351309
0.0030508
0.00260273
0.00216944
0.00175139
0.00134606
0.000960301
0.000558087
0.000286485
0.0053931
0.00595833
0.00603876
0.00572561
0.00550113
0.00532126
0.00505352
0.00471532
0.00435196
0.00397359
0.00358102
0.00318067
0.00277948
0.00238153
0.00198938
0.001605
0.00122909
0.000865204
0.000495152
0.000222291
0.00392643
0.00989665
0.012203
0.0115472
0.0103932
0.00932431
0.00825978
0.0072321
0.0062997
0.00546613
0.00471696
0.00404205
0.00343219
0.0028772
0.00236855
0.00189849
0.00146366
0.00105049
0.00066409
0.00024309
-0.0117464
-0.00814916
-0.00365983
-0.000404834
0.00145886
0.00245767
0.00298263
0.00323296
0.00327937
0.00316559
0.00294448
0.00266082
0.00234149
0.00200196
0.00165448
0.00130591
0.000971452
0.000633036
0.000386037
-4.71833e-05
0.0610926
0.0416227
0.026766
0.0198762
0.0160338
0.012749
0.0100671
0.00812948
0.00670858
0.00558213
0.0046552
0.0038848
0.00323236
0.00266476
0.00216171
0.00170795
0.00130765
0.000918031
0.000667832
4.52009e-07
0.0608543
0.0413914
0.0265439
0.0196638
0.0158319
0.0125583
0.00988885
0.00796495
0.00655913
0.00544895
0.00453934
0.00378721
0.00315372
0.00260543
0.00212149
0.00168586
0.00130158
0.000924202
0.000680302
8.25133e-06
-0.0119816
-0.00837764
-0.00387939
-0.000615016
0.00125803
0.00226679
0.00280264
0.00306484
0.00312402
0.00302382
0.00281705
0.00254838
0.00224451
0.00192066
0.00158873
0.00125517
0.000934607
0.000608786
0.000371398
-4.73753e-05
0.00369225
0.00966823
0.0119826
0.0113358
0.0101917
0.00913355
0.00808091
0.00706617
0.00614768
0.00532886
0.00459521
0.0039364
0.00334302
0.00280465
0.0023124
0.0018581
0.0014377
0.00103736
0.000659203
0.000248499
0.00515962
0.0057304
0.0058185
0.00551405
0.00529914
0.00512975
0.0048735
0.00454772
0.00419766
0.00383342
0.00345568
0.00307076
0.00268542
0.0023035
0.00192723
0.00155817
0.00119645
0.000845199
0.000484864
0.000220616
0.00555124
0.00582609
0.00626421
0.00642452
0.00631471
0.00605298
0.00568702
0.00525588
0.00479705
0.00433006
0.0038639
0.00340536
0.00295914
0.00252726
0.00210999
0.00170738
0.00131639
0.000943129
0.000550975
0.000284404
0.00568131
0.00575185
0.00587206
0.00583863
0.00565492
0.00540256
0.00510383
0.00476226
0.00439165
0.00400486
0.00360919
0.00320987
0.00281135
0.00241674
0.00202779
0.00164619
0.00126987
0.000908353
0.000523437
0.000278173
0.00568763
0.00568164
0.0056974
0.00565167
0.00551387
0.00530629
0.00504253
0.00473009
0.00438196
0.00401103
0.00362615
0.00323377
0.00283903
0.0024458
0.0020564
0.00167304
0.00129386
0.000929129
0.00053959
0.000288085
0.00565206
0.00561604
0.00557763
0.00550001
0.00535499
0.00514947
0.00489555
0.00460098
0.00427425
0.00392442
0.00355886
0.00318338
0.00280271
0.00242065
0.00203974
0.00166254
0.00128751
0.00092547
0.000537571
0.000287244
0.00561564
0.00556808
0.0055046
0.00540998
0.00526379
0.00506587
0.00482351
0.00454267
0.00422976
0.00389223
0.00353701
0.00316991
0.00279574
0.00241842
0.00204075
0.00166554
0.0012915
0.000929629
0.000541158
0.000289387
0.00559438
0.00554256
0.00546901
0.00536655
0.00521872
0.0050229
0.00478433
0.00450855
0.00420141
0.00386961
0.00351964
0.00315715
0.00278681
0.00241256
0.00203721
0.00166367
0.00129072
0.00092948
0.000541243
0.000289691
0.00559438
0.00554256
0.00546901
0.00536655
0.00521872
0.0050229
0.00478433
0.00450855
0.00420141
0.00386961
0.00351964
0.00315715
0.00278681
0.00241256
0.00203721
0.00166367
0.00129072
0.00092948
0.000541243
0.000289691
0.00561564
0.00556808
0.0055046
0.00540998
0.00526379
0.00506587
0.00482351
0.00454267
0.00422976
0.00389223
0.00353701
0.00316991
0.00279574
0.00241842
0.00204075
0.00166554
0.0012915
0.000929629
0.000541158
0.000289387
0.00565206
0.00561604
0.00557763
0.00550001
0.00535499
0.00514947
0.00489555
0.00460098
0.00427425
0.00392442
0.00355886
0.00318338
0.00280271
0.00242065
0.00203974
0.00166254
0.00128751
0.00092547
0.000537571
0.000287244
0.00568763
0.00568164
0.0056974
0.00565167
0.00551387
0.00530629
0.00504253
0.00473009
0.00438196
0.00401103
0.00362615
0.00323377
0.00283903
0.0024458
0.0020564
0.00167304
0.00129386
0.000929129
0.00053959
0.000288084
0.00568131
0.00575185
0.00587206
0.00583863
0.00565492
0.00540256
0.00510383
0.00476226
0.00439165
0.00400486
0.00360919
0.00320987
0.00281135
0.00241674
0.00202779
0.00164619
0.00126987
0.000908353
0.000523436
0.000278173
0.00555124
0.0058261
0.00626421
0.00642452
0.00631471
0.00605298
0.00568702
0.00525588
0.00479705
0.00433006
0.0038639
0.00340536
0.00295914
0.00252726
0.00210999
0.00170738
0.00131639
0.000943129
0.000550975
0.000284404
0.00515962
0.0057304
0.0058185
0.00551405
0.00529914
0.00512975
0.0048735
0.00454772
0.00419766
0.00383342
0.00345568
0.00307076
0.00268542
0.0023035
0.00192723
0.00155817
0.00119645
0.000845199
0.000484864
0.000220616
0.00369225
0.00966823
0.0119826
0.0113358
0.0101917
0.00913355
0.00808091
0.00706617
0.00614768
0.00532886
0.00459521
0.00393639
0.00334302
0.00280465
0.0023124
0.0018581
0.0014377
0.00103735
0.000659203
0.000248499
-0.0119816
-0.00837764
-0.00387939
-0.000615015
0.00125803
0.00226679
0.00280264
0.00306484
0.00312402
0.00302382
0.00281705
0.00254838
0.00224451
0.00192066
0.00158873
0.00125517
0.000934607
0.000608785
0.000371397
-4.7375e-05
0.0608543
0.0413914
0.0265439
0.0196638
0.0158319
0.0125583
0.00988885
0.00796495
0.00655913
0.00544895
0.00453934
0.00378721
0.00315372
0.00260543
0.00212148
0.00168586
0.00130159
0.000924201
0.0006803
8.25088e-06
0.0607048
0.0412483
0.0264082
0.0195351
0.0157108
0.0124454
0.00978486
0.00787055
0.00647495
0.00537548
0.00447699
0.00373622
0.00311413
0.00257696
0.00210348
0.00167715
0.00130038
0.000927946
0.000685945
1.06808e-05
-0.0121286
-0.00851865
-0.00401323
-0.00074187
0.00113818
0.00215453
0.00269867
0.00296974
0.00303827
0.00294778
0.00275099
0.00249241
0.00219856
0.00188441
0.00156153
0.00123604
0.000922178
0.00060154
0.000367206
-4.67857e-05
0.00354594
0.00952742
0.0118485
0.0112085
0.0100715
0.00902124
0.00797718
0.0069716
0.00606277
0.00525401
0.00453068
0.00388231
0.00329927
0.00277089
0.00228795
0.00184195
0.00142842
0.00103337
0.000657808
0.000250649
0.00501396
0.00559022
0.00568486
0.00538711
0.00517941
0.0050179
0.00477014
0.00445341
0.00411284
0.00375844
0.00339079
0.00301603
0.00264072
0.00226848
0.00190123
0.00154023
0.00118521
0.00083914
0.000481927
0.000220209
0.00540593
0.00568616
0.00613067
0.00629762
0.00619506
0.00594129
0.00558395
0.00516197
0.00471275
0.00425573
0.00379976
0.00335146
0.00291535
0.00249322
0.00208504
0.00169056
0.00130637
0.0009383
0.000549453
0.000283874
0.0055362
0.00561204
0.00573857
0.00571172
0.00553521
0.00529077
0.00500061
0.00466814
0.00430705
0.00393014
0.00354454
0.00315535
0.00276681
0.00238182
0.00200185
0.00162828
0.00125873
0.000902358
0.000521047
0.000276484
0.00554264
0.00554187
0.00556391
0.00552472
0.00539411
0.00519448
0.00493931
0.004636
0.00429742
0.00393636
0.00356155
0.00317927
0.00279448
0.00241082
0.00203034
0.00165497
0.00128256
0.00092297
0.000537194
0.000286123
0.00550712
0.00547628
0.00544409
0.00537299
0.00523515
0.00503757
0.00479224
0.00450678
0.00418959
0.0038496
0.00349407
0.00312863
0.00275785
0.00238529
0.00201325
0.00164398
0.00127571
0.000918825
0.000534828
0.000284943
0.00547073
0.0054283
0.00537103
0.00528291
0.00514388
0.0049539
0.00472014
0.00444842
0.00414505
0.00381736
0.00347216
0.00311508
0.00275076
0.00238291
0.00201407
0.00164678
0.00127948
0.000922784
0.000538291
0.000286957
0.00544948
0.00540277
0.00533541
0.00523945
0.00509878
0.00491089
0.00468092
0.00441427
0.00411666
0.00379469
0.00345473
0.00310225
0.00274175
0.00237694
0.0020104
0.00164476
0.00127855
0.000922497
0.000538278
0.000287178
0.00544948
0.00540277
0.00533541
0.00523945
0.00509878
0.00491089
0.00468092
0.00441427
0.00411666
0.00379469
0.00345473
0.00310225
0.00274175
0.00237694
0.0020104
0.00164476
0.00127855
0.000922497
0.000538278
0.000287178
0.00547073
0.0054283
0.00537103
0.00528291
0.00514388
0.0049539
0.00472014
0.00444842
0.00414505
0.00381736
0.00347216
0.00311508
0.00275076
0.00238291
0.00201407
0.00164678
0.00127948
0.000922784
0.000538291
0.000286957
0.00550712
0.00547628
0.00544409
0.00537299
0.00523515
0.00503757
0.00479224
0.00450678
0.00418959
0.0038496
0.00349407
0.00312863
0.00275785
0.00238529
0.00201325
0.00164398
0.00127571
0.000918825
0.000534828
0.000284943
0.00554264
0.00554187
0.00556391
0.00552472
0.00539411
0.00519448
0.00493931
0.004636
0.00429742
0.00393636
0.00356155
0.00317927
0.00279448
0.00241082
0.00203034
0.00165497
0.00128256
0.00092297
0.000537194
0.000286123
0.0055362
0.00561204
0.00573857
0.00571172
0.00553521
0.00529077
0.00500061
0.00466814
0.00430705
0.00393014
0.00354454
0.00315535
0.00276681
0.00238182
0.00200185
0.00162828
0.00125873
0.000902358
0.000521047
0.000276484
0.00540593
0.00568616
0.00613067
0.00629762
0.00619506
0.00594129
0.00558395
0.00516197
0.00471275
0.00425573
0.00379976
0.00335146
0.00291535
0.00249322
0.00208504
0.00169056
0.00130637
0.0009383
0.000549453
0.000283874
0.00501396
0.00559022
0.00568486
0.00538712
0.00517941
0.0050179
0.00477014
0.00445341
0.00411284
0.00375844
0.00339079
0.00301603
0.00264072
0.00226848
0.00190123
0.00154023
0.00118521
0.00083914
0.000481926
0.000220209
0.00354594
0.00952742
0.0118485
0.0112085
0.0100715
0.00902124
0.00797718
0.0069716
0.00606277
0.00525401
0.00453068
0.00388231
0.00329927
0.00277089
0.00228795
0.00184195
0.00142842
0.00103337
0.000657807
0.000250649
-0.0121286
-0.00851865
-0.00401323
-0.00074187
0.00113818
0.00215453
0.00269867
0.00296974
0.00303827
0.00294778
0.00275099
0.00249241
0.00219856
0.00188441
0.00156153
0.00123604
0.000922177
0.00060154
0.000367207
-4.67848e-05
0.0607048
0.0412483
0.0264082
0.0195351
0.0157108
0.0124454
0.00978486
0.00787055
0.00647495
0.00537548
0.00447699
0.00373622
0.00311413
0.00257696
0.00210348
0.00167715
0.00130038
0.000927942
0.000685946
1.0683e-05
0.060633
0.0411803
0.0263443
0.019475
0.0156546
0.0123936
0.00973768
0.00782829
0.00643783
0.00534367
0.00445057
0.00371519
0.00309836
0.00256615
0.00209711
0.0016745
0.00130048
0.000929588
0.00068793
1.1296e-05
-0.0121988
-0.0085854
-0.00407607
-0.000801011
0.00108274
0.00210313
0.00265167
0.00292739
0.00300076
0.00291524
0.00272345
0.00246983
0.00218076
0.00187106
0.00155215
0.00122998
0.000918618
0.000599654
0.000366074
-4.65373e-05
0.00347609
0.00946076
0.0117855
0.0111491
0.010016
0.00896984
0.00793025
0.00692941
0.00602549
0.00522178
0.00450354
0.0038602
0.00328201
0.00275816
0.00227925
0.00183664
0.00142566
0.00103233
0.000657405
0.000251292
0.00494453
0.00552402
0.0056223
0.00532815
0.00512426
0.00496691
0.00472361
0.00441155
0.00407585
0.00372642
0.00336376
0.00299394
0.00262337
0.00225553
0.00189221
0.0015345
0.00118198
0.000837605
0.000481174
0.000220061
0.00533671
0.00562013
0.00606824
0.00623875
0.00614003
0.00589045
0.00553758
0.00512032
0.00467598
0.00422396
0.00377301
0.00332966
0.00289832
0.00248062
0.0020764
0.00168525
0.00130362
0.000937259
0.000549252
0.000283698
0.00546709
0.00554611
0.00567623
0.00565293
0.00548026
0.00524002
0.00495433
0.00462655
0.00427031
0.00389835
0.00351772
0.00313343
0.00274959
0.00236899
0.00199292
0.00162265
0.00125565
0.000900985
0.000520607
0.000275923
0.00547359
0.005476
0.00550161
0.00546598
0.00533921
0.00514379
0.00489312
0.0045945
0.00426077
0.00390466
0.00353482
0.00315741
0.0027773
0.00239799
0.00202141
0.00164932
0.00127946
0.000921593
0.000536799
0.000285489
0.0054381
0.00541042
0.00538181
0.00531427
0.00518028
0.00498691
0.00474607
0.00446531
0.00415297
0.00381791
0.00346731
0.00310672
0.00274059
0.00237235
0.00200417
0.00163817
0.00127245
0.000917293
0.000534323
0.000284191
0.00540172
0.00536245
0.00530875
0.00522419
0.00508902
0.00490326
0.00467399
0.00440698
0.00410845
0.00378568
0.00344541
0.00309317
0.00273348
0.00236993
0.00200494
0.00164091
0.00127617
0.000921203
0.000537762
0.000286168
0.00538047
0.00533692
0.00527313
0.00518073
0.00504392
0.00486025
0.00463478
0.00437283
0.00408007
0.00376302
0.00342798
0.00308032
0.00272444
0.00236393
0.00200123
0.00163884
0.0012752
0.000920875
0.000537719
0.000286362
0.00538047
0.00533692
0.00527313
0.00518073
0.00504392
0.00486025
0.00463478
0.00437283
0.00408007
0.00376302
0.00342798
0.00308032
0.00272444
0.00236393
0.00200123
0.00163884
0.0012752
0.000920875
0.000537719
0.000286362
0.00540172
0.00536245
0.00530875
0.00522419
0.00508902
0.00490326
0.00467399
0.00440698
0.00410845
0.00378568
0.00344541
0.00309317
0.00273348
0.00236993
0.00200494
0.00164091
0.00127617
0.000921204
0.000537762
0.000286168
0.0054381
0.00541042
0.00538181
0.00531427
0.00518028
0.00498691
0.00474607
0.00446531
0.00415297
0.00381791
0.00346731
0.00310672
0.00274059
0.00237235
0.00200417
0.00163817
0.00127245
0.000917293
0.000534323
0.000284191
0.00547359
0.005476
0.00550161
0.00546598
0.00533921
0.00514379
0.00489312
0.0045945
0.00426077
0.00390466
0.00353482
0.00315741
0.0027773
0.00239799
0.00202141
0.00164932
0.00127946
0.000921593
0.000536799
0.000285489
0.00546709
0.00554611
0.00567623
0.00565293
0.00548026
0.00524002
0.00495433
0.00462655
0.00427031
0.00389835
0.00351772
0.00313343
0.00274959
0.00236899
0.00199292
0.00162265
0.00125565
0.000900985
0.000520607
0.000275923
0.00533671
0.00562013
0.00606824
0.00623875
0.00614003
0.00589045
0.00553758
0.00512032
0.00467598
0.00422396
0.00377301
0.00332966
0.00289832
0.00248062
0.0020764
0.00168525
0.00130362
0.000937259
0.000549251
0.000283698
0.00494453
0.00552402
0.0056223
0.00532815
0.00512426
0.00496691
0.00472361
0.00441155
0.00407585
0.00372642
0.00336376
0.00299393
0.00262337
0.00225553
0.00189221
0.0015345
0.00118198
0.000837604
0.000481173
0.000220061
0.00347609
0.00946076
0.0117855
0.0111491
0.010016
0.00896984
0.00793025
0.00692941
0.00602549
0.00522178
0.00450354
0.0038602
0.00328201
0.00275816
0.00227925
0.00183664
0.00142566
0.00103233
0.000657404
0.000251291
-0.0121988
-0.0085854
-0.00407607
-0.000801011
0.00108274
0.00210313
0.00265167
0.00292739
0.00300076
0.00291524
0.00272345
0.00246983
0.00218076
0.00187106
0.00155215
0.00122997
0.000918616
0.000599656
0.000366076
-4.65372e-05
0.060633
0.0411803
0.0263443
0.019475
0.0156546
0.0123936
0.00973768
0.00782829
0.00643783
0.00534367
0.00445057
0.00371519
0.00309836
0.00256615
0.00209712
0.0016745
0.00130048
0.000929586
0.000687942
1.13035e-05
0.060633
0.0411803
0.0263443
0.019475
0.0156546
0.0123936
0.00973768
0.00782829
0.00643783
0.00534367
0.00445057
0.00371519
0.00309836
0.00256615
0.00209711
0.00167451
0.00130049
0.000929574
0.000687917
1.12945e-05
-0.0121988
-0.0085854
-0.00407607
-0.000801011
0.00108274
0.00210313
0.00265167
0.00292739
0.00300076
0.00291524
0.00272345
0.00246983
0.00218076
0.00187106
0.00155215
0.00122998
0.000918616
0.00059965
0.000366078
-4.65331e-05
0.00347609
0.00946076
0.0117855
0.0111491
0.010016
0.00896984
0.00793025
0.00692941
0.00602549
0.00522178
0.00450354
0.0038602
0.00328201
0.00275816
0.00227925
0.00183664
0.00142566
0.00103233
0.000657408
0.000251294
0.00494453
0.00552402
0.0056223
0.00532815
0.00512426
0.00496691
0.00472361
0.00441155
0.00407585
0.00372642
0.00336376
0.00299394
0.00262337
0.00225553
0.00189221
0.0015345
0.00118198
0.000837605
0.000481175
0.000220062
0.00533671
0.00562013
0.00606824
0.00623875
0.00614003
0.00589045
0.00553758
0.00512032
0.00467598
0.00422396
0.00377301
0.00332966
0.00289832
0.00248062
0.0020764
0.00168525
0.00130362
0.000937259
0.000549252
0.000283698
0.00546709
0.00554611
0.00567623
0.00565293
0.00548026
0.00524002
0.00495433
0.00462655
0.00427031
0.00389835
0.00351772
0.00313343
0.00274959
0.00236899
0.00199292
0.00162265
0.00125565
0.000900985
0.000520607
0.000275923
0.00547359
0.005476
0.00550161
0.00546598
0.00533921
0.00514379
0.00489312
0.0045945
0.00426077
0.00390466
0.00353482
0.00315741
0.0027773
0.00239799
0.00202141
0.00164932
0.00127946
0.000921593
0.000536799
0.000285489
0.0054381
0.00541042
0.00538181
0.00531427
0.00518028
0.00498691
0.00474607
0.00446531
0.00415297
0.00381791
0.00346731
0.00310672
0.00274059
0.00237235
0.00200417
0.00163817
0.00127245
0.000917293
0.000534323
0.000284191
0.00540172
0.00536245
0.00530875
0.00522419
0.00508902
0.00490326
0.00467399
0.00440698
0.00410845
0.00378568
0.00344541
0.00309317
0.00273348
0.00236993
0.00200494
0.00164091
0.00127617
0.000921204
0.000537762
0.000286168
0.00538047
0.00533692
0.00527313
0.00518073
0.00504392
0.00486025
0.00463478
0.00437283
0.00408007
0.00376302
0.00342798
0.00308032
0.00272444
0.00236393
0.00200123
0.00163884
0.0012752
0.000920875
0.000537719
0.000286362
0.00538047
0.00533692
0.00527313
0.00518073
0.00504392
0.00486025
0.00463478
0.00437283
0.00408007
0.00376302
0.00342798
0.00308032
0.00272444
0.00236393
0.00200123
0.00163884
0.0012752
0.000920875
0.00053772
0.000286362
0.00540172
0.00536245
0.00530875
0.00522419
0.00508902
0.00490326
0.00467399
0.00440698
0.00410845
0.00378568
0.00344541
0.00309317
0.00273348
0.00236993
0.00200494
0.00164091
0.00127617
0.000921204
0.000537762
0.000286168
0.0054381
0.00541042
0.00538181
0.00531427
0.00518028
0.00498691
0.00474607
0.00446531
0.00415297
0.00381791
0.00346731
0.00310672
0.00274059
0.00237235
0.00200417
0.00163817
0.00127246
0.000917293
0.000534323
0.000284191
0.00547359
0.005476
0.00550161
0.00546598
0.00533921
0.00514379
0.00489312
0.0045945
0.00426077
0.00390466
0.00353482
0.00315741
0.0027773
0.00239799
0.00202141
0.00164932
0.00127946
0.000921593
0.000536799
0.000285489
0.00546709
0.00554611
0.00567623
0.00565293
0.00548026
0.00524002
0.00495433
0.00462655
0.00427031
0.00389835
0.00351772
0.00313343
0.00274959
0.00236899
0.00199292
0.00162265
0.00125565
0.000900985
0.000520607
0.000275923
0.00533671
0.00562013
0.00606824
0.00623875
0.00614003
0.00589045
0.00553758
0.00512032
0.00467598
0.00422396
0.00377301
0.00332966
0.00289832
0.00248062
0.0020764
0.00168525
0.00130362
0.000937259
0.000549251
0.000283698
0.00494453
0.00552402
0.0056223
0.00532815
0.00512426
0.00496691
0.00472361
0.00441155
0.00407585
0.00372642
0.00336376
0.00299393
0.00262337
0.00225553
0.00189221
0.0015345
0.00118198
0.000837604
0.000481173
0.000220061
0.00347609
0.00946076
0.0117855
0.0111491
0.010016
0.00896984
0.00793025
0.00692941
0.00602549
0.00522178
0.00450354
0.0038602
0.00328201
0.00275816
0.00227925
0.00183664
0.00142566
0.00103233
0.000657403
0.000251291
-0.0121988
-0.0085854
-0.00407607
-0.000801011
0.00108274
0.00210313
0.00265167
0.00292739
0.00300076
0.00291524
0.00272345
0.00246983
0.00218076
0.00187106
0.00155215
0.00122997
0.000918616
0.000599655
0.000366076
-4.65373e-05
0.060633
0.0411803
0.0263443
0.019475
0.0156546
0.0123936
0.00973768
0.00782829
0.00643783
0.00534367
0.00445057
0.00371519
0.00309836
0.00256615
0.00209712
0.0016745
0.00130048
0.000929585
0.000687939
1.13026e-05
0.0607048
0.0412483
0.0264082
0.0195351
0.0157108
0.0124454
0.00978486
0.00787055
0.00647495
0.00537548
0.00447699
0.00373622
0.00311413
0.00257696
0.00210348
0.00167717
0.00130038
0.000927906
0.000685929
1.06904e-05
-0.0121286
-0.00851865
-0.00401323
-0.00074187
0.00113818
0.00215453
0.00269867
0.00296974
0.00303827
0.00294778
0.00275099
0.00249241
0.00219856
0.00188441
0.00156153
0.00123604
0.000922169
0.000601533
0.000367222
-4.67727e-05
0.00354594
0.00952742
0.0118485
0.0112085
0.0100715
0.00902124
0.00797718
0.0069716
0.00606277
0.00525401
0.00453069
0.00388231
0.00329927
0.00277089
0.00228795
0.00184195
0.00142841
0.00103337
0.000657817
0.000250653
0.00501396
0.00559022
0.00568486
0.00538711
0.00517941
0.0050179
0.00477014
0.00445341
0.00411284
0.00375844
0.00339079
0.00301603
0.00264073
0.00226848
0.00190123
0.00154023
0.00118521
0.000839142
0.000481929
0.00022021
0.00540593
0.00568616
0.00613067
0.00629762
0.00619506
0.00594129
0.00558395
0.00516197
0.00471275
0.00425573
0.00379976
0.00335146
0.00291535
0.00249322
0.00208504
0.00169056
0.00130637
0.0009383
0.000549453
0.000283874
0.0055362
0.00561204
0.00573857
0.00571172
0.00553521
0.00529077
0.00500061
0.00466814
0.00430705
0.00393014
0.00354454
0.00315535
0.00276681
0.00238182
0.00200185
0.00162828
0.00125873
0.000902357
0.000521047
0.000276484
0.00554264
0.00554187
0.00556391
0.00552472
0.00539411
0.00519448
0.00493931
0.004636
0.00429742
0.00393636
0.00356155
0.00317927
0.00279449
0.00241082
0.00203034
0.00165497
0.00128256
0.00092297
0.000537194
0.000286123
0.00550712
0.00547628
0.00544409
0.00537299
0.00523515
0.00503757
0.00479224
0.00450678
0.00418959
0.0038496
0.00349407
0.00312863
0.00275785
0.00238529
0.00201325
0.00164398
0.00127571
0.000918825
0.000534828
0.000284943
0.00547073
0.0054283
0.00537103
0.00528291
0.00514388
0.0049539
0.00472014
0.00444842
0.00414505
0.00381736
0.00347216
0.00311508
0.00275076
0.00238291
0.00201407
0.00164678
0.00127948
0.000922784
0.000538291
0.000286957
0.00544948
0.00540277
0.00533541
0.00523945
0.00509878
0.00491089
0.00468092
0.00441427
0.00411666
0.00379469
0.00345473
0.00310225
0.00274175
0.00237694
0.0020104
0.00164476
0.00127856
0.000922497
0.000538278
0.000287178
0.00544948
0.00540277
0.00533541
0.00523945
0.00509878
0.00491089
0.00468092
0.00441427
0.00411666
0.00379469
0.00345473
0.00310225
0.00274175
0.00237694
0.0020104
0.00164476
0.00127856
0.000922497
0.000538278
0.000287178
0.00547073
0.0054283
0.00537103
0.00528291
0.00514388
0.0049539
0.00472014
0.00444842
0.00414505
0.00381736
0.00347216
0.00311508
0.00275076
0.00238291
0.00201407
0.00164678
0.00127948
0.000922784
0.000538292
0.000286957
0.00550712
0.00547628
0.00544409
0.00537299
0.00523515
0.00503757
0.00479224
0.00450678
0.00418959
0.0038496
0.00349407
0.00312863
0.00275785
0.00238529
0.00201325
0.00164398
0.00127571
0.000918825
0.000534828
0.000284943
0.00554264
0.00554187
0.00556391
0.00552472
0.00539411
0.00519448
0.00493931
0.004636
0.00429742
0.00393636
0.00356155
0.00317927
0.00279448
0.00241082
0.00203034
0.00165497
0.00128256
0.00092297
0.000537195
0.000286123
0.0055362
0.00561204
0.00573857
0.00571172
0.00553521
0.00529077
0.00500061
0.00466814
0.00430705
0.00393014
0.00354454
0.00315535
0.00276681
0.00238182
0.00200185
0.00162828
0.00125873
0.000902358
0.000521047
0.000276484
0.00540593
0.00568616
0.00613067
0.00629762
0.00619506
0.0059413
0.00558395
0.00516197
0.00471275
0.00425573
0.00379976
0.00335146
0.00291535
0.00249322
0.00208504
0.00169056
0.00130637
0.0009383
0.000549453
0.000283874
0.00501396
0.00559022
0.00568486
0.00538712
0.00517941
0.0050179
0.00477014
0.00445341
0.00411284
0.00375844
0.00339079
0.00301603
0.00264072
0.00226848
0.00190123
0.00154023
0.00118521
0.00083914
0.000481927
0.000220209
0.00354594
0.00952742
0.0118485
0.0112085
0.0100715
0.00902124
0.00797718
0.0069716
0.00606277
0.00525401
0.00453068
0.00388231
0.00329927
0.00277089
0.00228795
0.00184195
0.00142842
0.00103336
0.000657807
0.000250649
-0.0121286
-0.00851865
-0.00401323
-0.000741869
0.00113818
0.00215453
0.00269867
0.00296974
0.00303827
0.00294778
0.00275099
0.00249241
0.00219856
0.00188441
0.00156153
0.00123604
0.000922177
0.000601537
0.000367205
-4.67848e-05
0.0607048
0.0412483
0.0264082
0.0195351
0.0157108
0.0124454
0.00978486
0.00787055
0.00647495
0.00537548
0.00447699
0.00373622
0.00311413
0.00257696
0.00210348
0.00167715
0.00130038
0.000927938
0.00068594
1.0681e-05
0.0608543
0.0413914
0.0265439
0.0196638
0.0158319
0.0125583
0.00988885
0.00796495
0.00655913
0.00544895
0.00453934
0.00378721
0.00315372
0.00260542
0.0021215
0.00168588
0.00130156
0.000924156
0.000680343
8.29739e-06
-0.0119816
-0.00837764
-0.00387939
-0.000615016
0.00125803
0.00226679
0.00280264
0.00306484
0.00312402
0.00302383
0.00281705
0.00254838
0.00224451
0.00192067
0.00158874
0.00125517
0.000934589
0.000608789
0.000371432
-4.73575e-05
0.00369225
0.00966823
0.0119826
0.0113358
0.0101917
0.00913355
0.00808091
0.00706617
0.00614768
0.00532886
0.00459521
0.0039364
0.00334302
0.00280466
0.0023124
0.00185809
0.00143769
0.00103736
0.000659214
0.000248501
0.00515962
0.0057304
0.0058185
0.00551405
0.00529914
0.00512975
0.0048735
0.00454772
0.00419767
0.00383342
0.00345568
0.00307077
0.00268542
0.0023035
0.00192723
0.00155817
0.00119645
0.000845202
0.000484864
0.000220615
0.00555124
0.00582609
0.00626421
0.00642452
0.00631471
0.00605298
0.00568702
0.00525588
0.00479705
0.00433007
0.0038639
0.00340536
0.00295914
0.00252726
0.00210999
0.00170739
0.00131639
0.000943129
0.000550974
0.000284403
0.00568131
0.00575185
0.00587206
0.00583863
0.00565492
0.00540256
0.00510383
0.00476226
0.00439165
0.00400486
0.00360919
0.00320988
0.00281135
0.00241674
0.00202779
0.00164619
0.00126987
0.000908353
0.000523436
0.000278173
0.00568763
0.00568164
0.0056974
0.00565167
0.00551387
0.00530629
0.00504253
0.00473009
0.00438196
0.00401103
0.00362615
0.00323377
0.00283903
0.0024458
0.0020564
0.00167304
0.00129386
0.000929129
0.00053959
0.000288084
0.00565206
0.00561604
0.00557763
0.00550001
0.00535499
0.00514947
0.00489555
0.00460098
0.00427425
0.00392442
0.00355886
0.00318338
0.00280271
0.00242065
0.00203974
0.00166254
0.00128751
0.00092547
0.000537571
0.000287244
0.00561564
0.00556807
0.0055046
0.00540998
0.00526379
0.00506587
0.00482351
0.00454267
0.00422976
0.00389223
0.00353701
0.00316991
0.00279574
0.00241842
0.00204075
0.00166554
0.0012915
0.000929629
0.000541158
0.000289387
0.00559438
0.00554256
0.00546901
0.00536655
0.00521872
0.0050229
0.00478433
0.00450855
0.00420141
0.00386961
0.00351964
0.00315715
0.00278681
0.00241256
0.00203721
0.00166367
0.00129072
0.000929481
0.000541243
0.000289691
0.00559438
0.00554256
0.00546901
0.00536655
0.00521872
0.0050229
0.00478433
0.00450855
0.00420141
0.00386961
0.00351964
0.00315715
0.00278681
0.00241256
0.00203721
0.00166367
0.00129072
0.000929481
0.000541243
0.000289691
0.00561564
0.00556808
0.0055046
0.00540998
0.00526379
0.00506587
0.00482351
0.00454267
0.00422976
0.00389223
0.00353701
0.00316991
0.00279574
0.00241842
0.00204075
0.00166554
0.0012915
0.000929629
0.000541158
0.000289387
0.00565206
0.00561604
0.00557763
0.00550001
0.00535499
0.00514947
0.00489555
0.00460098
0.00427425
0.00392442
0.00355886
0.00318338
0.00280271
0.00242065
0.00203974
0.00166254
0.00128751
0.00092547
0.000537571
0.000287244
0.00568763
0.00568164
0.0056974
0.00565167
0.00551387
0.00530629
0.00504253
0.00473009
0.00438196
0.00401103
0.00362615
0.00323377
0.00283903
0.0024458
0.0020564
0.00167304
0.00129386
0.00092913
0.000539591
0.000288085
0.00568131
0.00575185
0.00587206
0.00583863
0.00565492
0.00540256
0.00510383
0.00476226
0.00439165
0.00400486
0.00360919
0.00320988
0.00281135
0.00241674
0.00202779
0.00164619
0.00126987
0.000908353
0.000523437
0.000278173
0.00555124
0.0058261
0.00626421
0.00642452
0.00631471
0.00605298
0.00568702
0.00525588
0.00479705
0.00433006
0.0038639
0.00340536
0.00295914
0.00252726
0.00210999
0.00170738
0.00131639
0.00094313
0.000550976
0.000284404
0.00515962
0.0057304
0.0058185
0.00551405
0.00529914
0.00512975
0.0048735
0.00454772
0.00419767
0.00383342
0.00345568
0.00307076
0.00268542
0.0023035
0.00192723
0.00155817
0.00119645
0.000845199
0.000484865
0.000220616
0.00369225
0.00966823
0.0119826
0.0113358
0.0101917
0.00913355
0.00808091
0.00706617
0.00614768
0.00532886
0.00459521
0.0039364
0.00334302
0.00280465
0.0023124
0.0018581
0.0014377
0.00103735
0.000659204
0.0002485
-0.0119816
-0.00837764
-0.00387939
-0.000615015
0.00125803
0.00226679
0.00280265
0.00306484
0.00312402
0.00302382
0.00281705
0.00254838
0.00224451
0.00192066
0.00158874
0.00125517
0.000934606
0.000608781
0.000371396
-4.73741e-05
0.0608543
0.0413914
0.0265439
0.0196638
0.0158319
0.0125583
0.00988885
0.00796495
0.00655913
0.00544895
0.00453934
0.00378721
0.00315372
0.00260543
0.00212149
0.00168587
0.00130159
0.000924193
0.000680292
8.24935e-06
0.0610926
0.0416227
0.026766
0.0198762
0.0160338
0.012749
0.0100671
0.00812948
0.00670858
0.00558213
0.0046552
0.00388481
0.00323235
0.00266476
0.00216174
0.00170795
0.00130758
0.000918031
0.000667965
5.27536e-07
-0.0117464
-0.00814916
-0.00365983
-0.000404834
0.00145886
0.00245767
0.00298263
0.00323296
0.00327938
0.00316559
0.00294448
0.00266082
0.00234149
0.00200197
0.00165449
0.0013059
0.000971434
0.000633066
0.000386077
-4.71754e-05
0.00392643
0.00989665
0.012203
0.0115472
0.0103932
0.00932431
0.00825978
0.0072321
0.0062997
0.00546613
0.00471696
0.00404205
0.00343219
0.00287721
0.00236855
0.00189848
0.00146366
0.0010505
0.00066409
0.000243085
0.0053931
0.00595833
0.00603876
0.00572561
0.00550113
0.00532126
0.00505352
0.00471532
0.00435196
0.00397359
0.00358102
0.00318067
0.00277948
0.00238153
0.00198938
0.001605
0.00122909
0.000865205
0.000495148
0.000222288
0.00578417
0.00605373
0.00648445
0.00663622
0.00651681
0.00624436
0.00586659
0.00542265
0.00495012
0.00446866
0.00398734
0.00351309
0.0030508
0.00260273
0.00216944
0.00175139
0.00134606
0.0009603
0.000558085
0.000286484
0.00591388
0.00597937
0.00609245
0.00605072
0.00585763
0.00559475
0.00528439
0.00493019
0.00454606
0.00414497
0.00373431
0.00331946
0.00290503
0.00249439
0.00208957
0.00169268
0.00130211
0.000928233
0.000532642
0.000283022
0.00591993
0.00590908
0.00591789
0.00586399
0.0057169
0.00549884
0.00522342
0.00489829
0.00453657
0.00415127
0.00375135
0.0033434
0.00293277
0.00252352
0.0021183
0.00171973
0.00132636
0.000949375
0.000548904
0.000293707
0.00588417
0.00584347
0.00579824
0.00571255
0.00555835
0.00534242
0.0050769
0.00476966
0.00442938
0.0040652
0.00368463
0.00329362
0.0028971
0.00249909
0.00210243
0.0017101
0.00132093
0.00094667
0.000547613
0.000293656
0.00584763
0.00579551
0.00572531
0.00562268
0.00546735
0.00525908
0.00500513
0.00471163
0.00438515
0.00403326
0.00366303
0.0032804
0.00289038
0.00249714
0.00210376
0.00171347
0.00132531
0.000951251
0.000551507
0.000296136
0.0058263
0.00577
0.00568978
0.00557933
0.0054224
0.00521625
0.0049661
0.00467767
0.00435696
0.0040108
0.00364583
0.00326781
0.00288165
0.00249149
0.00210046
0.00171185
0.00132481
0.000951381
0.00055181
0.000296631
0.0058263
0.00577
0.00568978
0.00557933
0.0054224
0.00521625
0.0049661
0.00467767
0.00435696
0.0040108
0.00364583
0.00326781
0.00288165
0.00249149
0.00210046
0.00171185
0.00132481
0.000951381
0.00055181
0.000296631
0.00584763
0.00579551
0.00572531
0.00562268
0.00546735
0.00525908
0.00500513
0.00471163
0.00438515
0.00403326
0.00366303
0.0032804
0.00289038
0.00249714
0.00210376
0.00171347
0.00132531
0.00095125
0.000551507
0.000296136
0.00588417
0.00584347
0.00579824
0.00571255
0.00555835
0.00534242
0.0050769
0.00476966
0.00442938
0.0040652
0.00368463
0.00329362
0.0028971
0.00249909
0.00210243
0.00171009
0.00132093
0.00094667
0.000547613
0.000293656
0.00591993
0.00590908
0.00591789
0.00586399
0.0057169
0.00549884
0.00522342
0.00489829
0.00453657
0.00415127
0.00375135
0.0033434
0.00293276
0.00252352
0.0021183
0.00171973
0.00132636
0.000949375
0.000548904
0.000293708
0.00591388
0.00597937
0.00609245
0.00605072
0.00585763
0.00559475
0.00528439
0.00493019
0.00454606
0.00414497
0.00373431
0.00331946
0.00290503
0.00249438
0.00208957
0.00169268
0.00130211
0.000928234
0.000532643
0.000283022
0.00578417
0.00605373
0.00648445
0.00663622
0.00651681
0.00624436
0.00586659
0.00542265
0.00495012
0.00446866
0.00398734
0.00351309
0.0030508
0.00260273
0.00216944
0.00175139
0.00134606
0.000960302
0.000558087
0.000286485
0.0053931
0.00595833
0.00603876
0.00572561
0.00550113
0.00532126
0.00505352
0.00471532
0.00435196
0.00397359
0.00358102
0.00318067
0.00277948
0.00238153
0.00198938
0.001605
0.00122909
0.000865204
0.000495154
0.000222291
0.00392643
0.00989665
0.012203
0.0115472
0.0103932
0.00932431
0.00825978
0.0072321
0.0062997
0.00546613
0.00471696
0.00404205
0.00343219
0.0028772
0.00236855
0.00189849
0.00146366
0.00105049
0.000664092
0.000243092
-0.0117464
-0.00814916
-0.00365983
-0.000404833
0.00145886
0.00245767
0.00298263
0.00323296
0.00327937
0.00316559
0.00294448
0.00266082
0.00234149
0.00200196
0.00165448
0.00130591
0.00097145
0.000633033
0.000386039
-4.71809e-05
0.0610926
0.0416227
0.026766
0.0198762
0.0160338
0.012749
0.0100671
0.00812948
0.00670858
0.00558213
0.0046552
0.0038848
0.00323236
0.00266476
0.00216171
0.00170796
0.00130765
0.000918021
0.000667827
4.53236e-07
0.0614313
0.0419586
0.0270938
0.020192
0.0163364
0.013038
0.010341
0.00838592
0.00694519
0.00579677
0.00484585
0.00404953
0.00336935
0.00277256
0.00223938
0.00175533
0.00132644
0.00091244
0.000647916
-1.97563e-05
-0.0114109
-0.00781742
-0.00333587
-9.08271e-05
0.0017631
0.00275207
0.00326627
0.00350449
0.00353737
0.00340864
0.00317118
0.00286972
0.0025312
0.00217118
0.00180204
0.0014307
0.00107263
0.000708851
0.000436767
-3.69124e-05
0.00426023
0.0102282
0.0125282
0.0118626
0.0106973
0.00961562
0.00853688
0.0074935
0.00654404
0.00569212
0.00492341
0.00422778
0.00359609
0.00301822
0.00248573
0.00199093
0.00153097
0.00109187
0.000683986
0.000234979
0.00572615
0.00628978
0.00636482
0.00604334
0.0058092
0.00561855
0.00533866
0.00498687
0.00460843
0.00421345
0.00380273
0.00338273
0.00296044
0.00254003
0.00212422
0.00171513
0.00131384
0.000924025
0.000529416
0.000231124
0.00611596
0.00638425
0.00680996
0.00695362
0.00682441
0.00654063
0.00614984
0.0056913
0.0052027
0.00470374
0.0042035
0.00370892
0.00322493
0.00275385
0.00229637
0.0018532
0.00142221
0.00101106
0.000584364
0.000296112
0.00624472
0.00630943
0.00641804
0.00636879
0.00616653
0.0058929
0.00557001
0.00520159
0.00480169
0.0043833
0.00395382
0.00351867
0.0030825
0.00264877
0.00221968
0.00179765
0.00138144
0.000982633
0.000561956
0.000298338
0.00624991
0.00623867
0.00624333
0.00618216
0.00602616
0.00579752
0.00550961
0.00517017
0.00479251
0.00438968
0.00397068
0.00354215
0.0031095
0.00267697
0.00224736
0.00182368
0.00140481
0.00100338
0.000577886
0.000310875
0.00621346
0.00617274
0.00612365
0.00603092
0.00586805
0.00564177
0.0053639
0.00504242
0.0046862
0.00430444
0.00390469
0.00349298
0.00307434
0.00265297
0.00223191
0.00181454
0.00140006
0.00100169
0.000577626
0.000312527
0.00617643
0.00612457
0.0060507
0.00594116
0.0057773
0.00555879
0.00529258
0.00498486
0.00464241
0.00427287
0.00388337
0.00347993
0.0030677
0.00265101
0.0022332
0.00181792
0.00140457
0.0010066
0.000581929
0.000315753
0.00615486
0.00609895
0.00601517
0.00589788
0.00573248
0.00551617
0.0052538
0.00495118
0.00461449
0.00425066
0.00386638
0.00346751
0.00305908
0.00264545
0.00222999
0.00181643
0.00140426
0.00100701
0.000582549
0.000316642
0.00615486
0.00609895
0.00601517
0.00589788
0.00573248
0.00551617
0.0052538
0.00495118
0.00461449
0.00425066
0.00386638
0.00346751
0.00305908
0.00264545
0.00222999
0.00181643
0.00140426
0.00100701
0.000582549
0.000316642
0.00617643
0.00612457
0.0060507
0.00594116
0.0057773
0.00555879
0.00529258
0.00498486
0.00464241
0.00427287
0.00388337
0.00347993
0.00306769
0.00265101
0.0022332
0.00181792
0.00140457
0.0010066
0.000581929
0.000315753
0.00621346
0.00617274
0.00612365
0.00603092
0.00586805
0.00564177
0.0053639
0.00504242
0.0046862
0.00430444
0.00390469
0.00349298
0.00307434
0.00265297
0.00223191
0.00181454
0.00140006
0.00100169
0.000577626
0.000312527
0.00624991
0.00623867
0.00624333
0.00618216
0.00602616
0.00579752
0.00550961
0.00517017
0.00479251
0.00438968
0.00397068
0.00354214
0.0031095
0.00267697
0.00224736
0.00182367
0.00140481
0.00100338
0.000577887
0.000310875
0.00624472
0.00630943
0.00641804
0.00636879
0.00616653
0.0058929
0.00557001
0.00520159
0.00480169
0.0043833
0.00395382
0.00351867
0.00308249
0.00264877
0.00221968
0.00179765
0.00138144
0.000982634
0.000561956
0.000298339
0.00611596
0.00638425
0.00680996
0.00695362
0.00682441
0.00654063
0.00614984
0.00569129
0.0052027
0.00470374
0.0042035
0.00370892
0.00322493
0.00275384
0.00229637
0.0018532
0.00142221
0.00101107
0.000584367
0.000296113
0.00572615
0.00628978
0.00636482
0.00604334
0.0058092
0.00561855
0.00533866
0.00498687
0.00460843
0.00421345
0.00380272
0.00338272
0.00296043
0.00254003
0.00212422
0.00171512
0.00131383
0.000924028
0.000529425
0.000231128
0.00426024
0.0102282
0.0125282
0.0118626
0.0106973
0.00961562
0.00853688
0.0074935
0.00654404
0.00569212
0.0049234
0.00422778
0.00359609
0.00301822
0.00248573
0.00199094
0.00153096
0.00109186
0.000684006
0.000234993
-0.0114109
-0.00781741
-0.00333587
-9.08266e-05
0.0017631
0.00275207
0.00326627
0.00350449
0.00353737
0.00340864
0.00317118
0.00286972
0.0025312
0.00217117
0.00180204
0.00143072
0.00107263
0.000708803
0.000436763
-3.68919e-05
0.0614313
0.0419586
0.0270938
0.020192
0.0163364
0.013038
0.010341
0.00838592
0.00694518
0.00579677
0.00484585
0.00404953
0.00336936
0.00277255
0.00223935
0.00175538
0.00132651
0.000912337
0.000647766
-1.979e-05
0.061876
0.0424144
0.0275479
0.0206319
0.0167586
0.0134426
0.010727
0.00875017
0.00728446
0.00610816
0.00512666
0.00429695
0.0035805
0.00294459
0.00236975
0.00184222
0.00137036
0.000915322
0.000627612
-6.47074e-05
-0.0109675
-0.00736859
-0.00288706
0.000352768
0.00220167
0.00318635
0.00369552
0.00392698
0.00395121
0.00381207
0.00356243
0.00324682
0.00289181
0.00251252
0.00212074
0.00172236
0.00133159
0.000924568
0.000598186
2.13793e-05
0.00469736
0.0106727
0.0129731
0.0122995
0.0111223
0.0100268
0.00893251
0.00787251
0.0069056
0.00603546
0.00524765
0.00453182
0.00387837
0.00327661
0.00271737
0.00219189
0.0016964
0.00121366
0.000759797
0.000240037
0.00616214
0.00673485
0.00681308
0.00648885
0.00624988
0.00605285
0.00576444
0.00540167
0.00500971
0.00459866
0.00416938
0.00372842
0.00328271
0.00283623
0.00239131
0.00194934
0.00151061
0.00107659
0.000631762
0.000268184
0.00654874
0.00682581
0.00725432
0.00739475
0.00725981
0.00696812
0.00656676
0.00609507
0.00559092
0.00507402
0.00455345
0.00403612
0.00352687
0.00302784
0.00253948
0.00206202
0.00159288
0.00113906
0.000664599
0.000332669
0.00667509
0.00674938
0.00686157
0.00680991
0.0066029
0.00632233
0.00598964
0.00560863
0.00519349
0.00475725
0.00430726
0.0038489
0.00338678
0.00292424
0.00246332
0.00200621
0.00155145
0.00111089
0.000642833
0.000344536
0.0066779
0.00667681
0.00668535
0.00662194
0.00646147
0.0062262
0.0059286
0.00557638
0.00518304
0.00476171
0.00432141
0.0038688
0.00340932
0.00294715
0.00248506
0.00202597
0.0015687
0.00112668
0.000655117
0.000360139
0.00663942
0.00660948
0.00656471
0.00647002
0.006303
0.0060704
0.00578302
0.00544877
0.00507672
0.00467621
0.00425481
0.00381863
0.00337276
0.00292141
0.00246765
0.0020149
0.00156234
0.00112427
0.00065499
0.000364679
0.00660089
0.00656026
0.00649103
0.00637968
0.00621182
0.00598714
0.00571152
0.00539102
0.00503264
0.00464413
0.00423267
0.00380441
0.00336459
0.00291763
0.00246695
0.0020163
0.00156514
0.00112808
0.000658899
0.000369
0.00657851
0.0065341
0.00645512
0.00633612
0.00616681
0.00594441
0.00567269
0.0053573
0.00500464
0.00462174
0.00421537
0.00379153
0.00335537
0.00291136
0.00246297
0.00201408
0.00156424
0.00112822
0.000659588
0.000370464
0.00657851
0.0065341
0.00645512
0.00633612
0.00616681
0.00594441
0.00567269
0.0053573
0.00500464
0.00462174
0.00421537
0.00379153
0.00335537
0.00291136
0.00246296
0.00201408
0.00156424
0.00112822
0.000659588
0.000370464
0.00660089
0.00656026
0.00649103
0.00637968
0.00621182
0.00598714
0.00571152
0.00539102
0.00503264
0.00464413
0.00423267
0.00380441
0.00336458
0.00291763
0.00246695
0.0020163
0.00156513
0.00112808
0.000658899
0.000369
0.00663942
0.00660948
0.00656471
0.00647002
0.006303
0.0060704
0.00578302
0.00544877
0.00507672
0.00467621
0.00425481
0.00381863
0.00337275
0.00292141
0.00246765
0.0020149
0.00156234
0.00112427
0.00065499
0.000364679
0.0066779
0.00667681
0.00668535
0.00662194
0.00646147
0.0062262
0.0059286
0.00557638
0.00518304
0.00476171
0.00432141
0.0038688
0.00340932
0.00294715
0.00248505
0.00202596
0.0015687
0.00112668
0.000655117
0.000360139
0.00667509
0.00674938
0.00686157
0.00680991
0.0066029
0.00632233
0.00598964
0.00560862
0.00519349
0.00475724
0.00430726
0.0038489
0.00338678
0.00292424
0.00246332
0.00200621
0.00155145
0.00111089
0.000642833
0.000344537
0.00654875
0.00682581
0.00725432
0.00739475
0.00725981
0.00696812
0.00656676
0.00609507
0.00559091
0.00507402
0.00455344
0.00403611
0.00352686
0.00302784
0.00253948
0.00206202
0.00159288
0.00113907
0.0006646
0.000332669
0.00616214
0.00673485
0.00681308
0.00648885
0.00624988
0.00605285
0.00576444
0.00540167
0.00500971
0.00459865
0.00416938
0.00372842
0.00328271
0.00283623
0.00239131
0.00194933
0.00151061
0.00107659
0.000631769
0.000268186
0.00469737
0.0106727
0.0129731
0.0122995
0.0111223
0.0100268
0.00893251
0.00787251
0.0069056
0.00603545
0.00524765
0.00453182
0.00387837
0.0032766
0.00271738
0.00219189
0.00169639
0.00121366
0.000759824
0.000240049
-0.0109675
-0.00736859
-0.00288706
0.000352768
0.00220167
0.00318635
0.00369552
0.00392698
0.00395121
0.00381206
0.00356242
0.00324682
0.0028918
0.00251251
0.00212075
0.00172237
0.00133156
0.000924537
0.000598227
2.14138e-05
0.061876
0.0424144
0.0275479
0.0206319
0.0167586
0.0134426
0.0107269
0.00875017
0.00728446
0.00610816
0.00512666
0.00429695
0.00358049
0.00294456
0.00236976
0.00184228
0.00137035
0.00091518
0.000627592
-6.46465e-05
0.0624093
0.0429969
0.0281461
0.0212116
0.0173083
0.0139631
0.0112195
0.00921352
0.00771583
0.00650484
0.00548586
0.00461522
0.00385362
0.00316793
0.00253882
0.00195307
0.00142243
0.000908614
0.000595124
-0.000157382
-0.0104217
-0.00679445
-0.00228743
0.000968286
0.00283099
0.003829
0.00435031
0.00459229
0.00462555
0.00449413
0.00425036
0.00393739
0.00357988
0.00319093
0.00278022
0.00235089
0.00191414
0.00143564
0.00100717
0.000204465
0.00521759
0.0112158
0.0135296
0.0128545
0.0116681
0.0105608
0.00945496
0.00838499
0.00740985
0.00653271
0.00573828
0.00501492
0.00435126
0.00373455
0.00315331
0.00259571
0.0020549
0.00150562
0.000967288
0.000297667
0.00668206
0.00728501
0.00738557
0.00707391
0.0068437
0.00665201
0.00636454
0.00599846
0.00559966
0.00517891
0.00473753
0.00428198
0.00381849
0.00334969
0.00287603
0.00239614
0.00190726
0.00140419
0.000869461
0.000366082
0.00706196
0.00736617
0.00781278
0.00796206
0.00783282
0.00754303
0.00713865
0.00665949
0.00614424
0.00561314
0.00507559
0.00453854
0.00400647
0.00348068
0.00296025
0.0024433
0.00192488
0.00140759
0.000852664
0.000424727
0.00718351
0.00728661
0.00741799
0.00737514
0.00717362
0.00689527
0.00656043
0.00617306
0.00574787
0.00529804
0.0048309
0.00435161
0.00386439
0.00337195
0.0028754
0.00237554
0.0018694
0.00136636
0.000820548
0.000447633
0.0071809
0.00720931
0.0072368
0.00718134
0.00702585
0.00679268
0.00649261
0.00613329
0.00572874
0.00529234
0.00483313
0.00435763
0.00387099
0.00337688
0.00287738
0.00237445
0.00186586
0.00136384
0.000818736
0.000465768
0.00713745
0.00713784
0.00711245
0.00702568
0.00686349
0.00663283
0.00634279
0.00600121
0.00561771
0.00520184
0.00476117
0.00430158
0.00382786
0.00334375
0.00285175
0.00235457
0.0018507
0.00135398
0.000813507
0.000473103
0.00709513
0.0070854
0.00703581
0.00693229
0.00676904
0.00654611
0.00626765
0.00593958
0.00556938
0.00516506
0.00473379
0.00428155
0.0038133
0.00333307
0.00284381
0.00234867
0.00184659
0.00135207
0.000813585
0.000478044
0.00707071
0.00705747
0.0069983
0.00688712
0.00672235
0.00650164
0.00622702
0.00590396
0.00553935
0.00514049
0.00471414
0.00426613
0.00380138
0.00332394
0.00283686
0.00234351
0.00184298
0.00135004
0.00081296
0.000479858
0.00707071
0.00705747
0.0069983
0.00688712
0.00672235
0.00650164
0.00622702
0.00590396
0.00553935
0.00514049
0.00471414
0.00426613
0.00380138
0.00332394
0.00283686
0.00234351
0.00184298
0.00135004
0.00081296
0.000479858
0.00709513
0.0070854
0.00703581
0.00693229
0.00676904
0.00654611
0.00626765
0.00593958
0.00556938
0.00516506
0.00473379
0.00428155
0.0038133
0.00333307
0.00284381
0.00234867
0.00184659
0.00135207
0.000813585
0.000478043
0.00713745
0.00713784
0.00711245
0.00702568
0.00686349
0.00663283
0.00634279
0.00600121
0.00561771
0.00520184
0.00476117
0.00430158
0.00382786
0.00334374
0.00285175
0.00235457
0.0018507
0.00135398
0.000813507
0.000473103
0.0071809
0.00720931
0.0072368
0.00718134
0.00702585
0.00679268
0.00649261
0.00613329
0.00572874
0.00529234
0.00483313
0.00435763
0.00387099
0.00337688
0.00287738
0.00237445
0.00186586
0.00136384
0.000818735
0.000465767
0.00718351
0.00728661
0.00741799
0.00737514
0.00717362
0.00689527
0.00656043
0.00617306
0.00574787
0.00529804
0.00483089
0.00435161
0.00386439
0.00337195
0.00287539
0.00237554
0.0018694
0.00136636
0.000820547
0.000447633
0.00706196
0.00736617
0.00781278
0.00796206
0.00783282
0.00754303
0.00713865
0.00665949
0.00614423
0.00561314
0.00507559
0.00453854
0.00400647
0.00348068
0.00296025
0.0024433
0.00192488
0.00140759
0.000852663
0.000424726
0.00668206
0.00728501
0.00738557
0.00707391
0.0068437
0.00665201
0.00636454
0.00599846
0.00559966
0.00517891
0.00473753
0.00428198
0.00381849
0.00334969
0.00287602
0.00239614
0.00190726
0.00140419
0.000869461
0.00036608
0.00521759
0.0112158
0.0135296
0.0128545
0.0116681
0.0105608
0.00945496
0.00838499
0.00740985
0.0065327
0.00573828
0.00501491
0.00435126
0.00373455
0.0031533
0.0025957
0.00205489
0.00150563
0.000967301
0.000297668
-0.0104217
-0.00679445
-0.00228743
0.000968286
0.00283099
0.003829
0.00435031
0.00459229
0.00462555
0.00449412
0.00425036
0.00393738
0.00357987
0.00319093
0.00278022
0.00235088
0.00191411
0.00143564
0.00100721
0.00020448
0.0624093
0.0429969
0.0281461
0.0212116
0.0173083
0.0139631
0.0112195
0.00921352
0.00771583
0.00650484
0.00548586
0.00461522
0.00385361
0.00316791
0.00253885
0.0019531
0.00142236
0.000908559
0.000595238
-0.000157288
0.062944
0.0436834
0.028892
0.0219359
0.0179758
0.014568
0.0117672
0.00970691
0.00815415
0.00688734
0.00581253
0.00488584
0.0040675
0.0033242
0.0026366
0.00199196
0.00140469
0.000839639
0.000512161
-0.000277611
-0.00978867
-0.00608781
-0.00150124
0.00182202
0.00374973
0.00481356
0.00540283
0.00571233
0.00580702
0.00572483
0.0055125
0.00520825
0.00483328
0.0043992
0.00391559
0.00338679
0.00282553
0.00219265
0.00158178
0.000446947
0.0057466
0.0117748
0.0141231
0.0134708
0.0122997
0.0112073
0.010118
0.00906734
0.00811332
0.00725655
0.00647884
0.00576493
0.00509919
0.00446489
0.00384737
0.00323244
0.00261181
0.00195424
0.00128467
0.000397751
0.00722883
0.00790122
0.00805654
0.00778454
0.00759003
0.00743032
0.00716926
0.00682501
0.00644384
0.00603495
0.00559759
0.00513599
0.00465381
0.00415132
0.00362705
0.0030778
0.00249937
0.00188105
0.00120676
0.000496813
0.00759806
0.00796193
0.00845152
0.00863145
0.00852902
0.00825998
0.00786872
0.00739644
0.00688364
0.00635119
0.0058081
0.00526
0.00470919
0.00415431
0.00359185
0.00301729
0.00242366
0.00180898
0.00113491
0.00055628
0.00771094
0.0078782
0.00805425
0.00803878
0.00786099
0.00760391
0.00728572
0.00690923
0.00648872
0.00603683
0.00556025
0.00506354
0.0045501
0.00402147
0.00347747
0.00291724
0.00233644
0.0017412
0.00108461
0.00059377
0.00769678
0.00778952
0.00785956
0.00782755
0.00769219
0.00747711
0.00719037
0.00683841
0.00643507
0.00599347
0.00552215
0.00502712
0.00451283
0.00398205
0.00343583
0.00287483
0.00229584
0.00170893
0.0010626
0.000617958
0.00764253
0.00770729
0.00772393
0.00765915
0.00751531
0.0073013
0.0070238
0.00668946
0.00630733
0.0058863
0.00543318
0.00495326
0.00445079
0.00392891
0.00338954
0.00283454
0.00226191
0.00168403
0.00104771
0.000629829
0.00759209
0.00764646
0.00763838
0.00755574
0.00740944
0.00720186
0.00693485
0.0066131
0.00624355
0.00583351
0.00538942
0.00491664
0.00441958
0.00390174
0.00336557
0.0028136
0.00224446
0.00167166
0.00104113
0.000636262
0.00756335
0.00761401
0.00759607
0.00750531
0.00735689
0.00715099
0.0068874
0.00657042
0.00620635
0.00580177
0.00536264
0.00489415
0.00440063
0.00388566
0.00335187
0.0028021
0.00223525
0.00166527
0.00103784
0.000638705
0.00756335
0.00761401
0.00759607
0.00750531
0.00735689
0.00715099
0.0068874
0.00657042
0.00620635
0.00580177
0.00536264
0.00489415
0.00440063
0.00388566
0.00335187
0.0028021
0.00223525
0.00166527
0.00103784
0.000638705
0.00759209
0.00764646
0.00763838
0.00755574
0.00740944
0.00720186
0.00693484
0.0066131
0.00624355
0.00583351
0.00538942
0.00491664
0.00441958
0.00390174
0.00336556
0.0028136
0.00224446
0.00167166
0.00104113
0.000636261
0.00764253
0.00770729
0.00772393
0.00765915
0.00751531
0.0073013
0.0070238
0.00668946
0.00630733
0.00588629
0.00543318
0.00495326
0.00445078
0.00392891
0.00338954
0.00283454
0.0022619
0.00168403
0.00104771
0.000629828
0.00769678
0.00778952
0.00785956
0.00782755
0.00769219
0.00747711
0.00719037
0.00683841
0.00643507
0.00599347
0.00552215
0.00502712
0.00451283
0.00398205
0.00343583
0.00287482
0.00229584
0.00170892
0.0010626
0.000617956
0.00771094
0.0078782
0.00805425
0.00803878
0.00786098
0.00760391
0.00728572
0.00690923
0.00648872
0.00603683
0.00556025
0.00506354
0.00455009
0.00402147
0.00347746
0.00291724
0.00233643
0.0017412
0.00108461
0.000593768
0.00759806
0.00796193
0.00845152
0.00863145
0.00852902
0.00825998
0.00786872
0.00739644
0.00688364
0.00635119
0.00580809
0.00526
0.00470919
0.00415431
0.00359184
0.00301729
0.00242366
0.00180897
0.00113491
0.000556278
0.00722884
0.00790122
0.00805654
0.00778454
0.00759003
0.00743032
0.00716926
0.00682501
0.00644384
0.00603494
0.00559759
0.00513598
0.00465381
0.00415132
0.00362704
0.0030778
0.00249937
0.00188104
0.00120675
0.000496809
0.0057466
0.0117748
0.0141231
0.0134708
0.0122997
0.0112073
0.010118
0.00906733
0.00811331
0.00725655
0.00647884
0.00576493
0.00509919
0.00446489
0.00384736
0.00323243
0.00261181
0.00195424
0.00128466
0.000397744
-0.00978867
-0.00608781
-0.00150124
0.00182202
0.00374973
0.00481356
0.00540283
0.00571233
0.00580702
0.00572482
0.0055125
0.00520824
0.00483327
0.0043992
0.00391559
0.00338677
0.00282551
0.00219266
0.00158178
0.000446935
0.062944
0.0436834
0.028892
0.0219359
0.0179758
0.014568
0.0117672
0.00970691
0.00815415
0.00688734
0.00581253
0.00488583
0.0040675
0.0033242
0.00263663
0.00199195
0.00140465
0.000839675
0.000512254
-0.000277567
0.0632069
0.0444188
0.0297912
0.0228195
0.0187207
0.0151191
0.012133
0.00991757
0.0082447
0.00689427
0.0057682
0.00481326
0.00397945
0.00322526
0.00252545
0.001865
0.00125836
0.000681007
0.000355812
-0.000374914
-0.00901701
-0.00526125
-0.000574339
0.00294078
0.00514705
0.00650903
0.00735086
0.00782299
0.0079696
0.00783155
0.00747448
0.00696182
0.00634026
0.00564361
0.00489761
0.00411983
0.00333163
0.00250027
0.00172433
0.000440365
0.00614944
0.0122096
0.014645
0.0140851
0.0130088
0.0120036
0.0109897
0.0100063
0.00910442
0.00827325
0.00748848
0.00673388
0.00599665
0.00526579
0.00453355
0.0037929
0.00304189
0.00225313
0.00146083
0.000422962
0.00774755
0.00857002
0.00883023
0.00864901
0.00855557
0.00849238
0.00830709
0.00801344
0.00765354
0.00723375
0.00675478
0.00622455
0.00565118
0.00503991
0.00439418
0.00371508
0.00300208
0.00224481
0.00143467
0.00056118
0.00809269
0.0085802
0.00914496
0.00937942
0.00932522
0.00910005
0.00874627
0.00830389
0.00781058
0.00728287
0.00672649
0.00614574
0.00554306
0.00491864
0.00427135
0.0035992
0.00289797
0.00216533
0.00137092
0.00065561
0.00817984
0.00847579
0.00873051
0.00877139
0.00864594
0.00843745
0.00815778
0.00780617
0.00739594
0.0069389
0.00644136
0.00590822
0.00534359
0.00475008
0.00412887
0.00348036
0.00280196
0.00209864
0.00133046
0.000724975
0.00813911
0.00835589
0.00849694
0.00851069
0.00841544
0.00823647
0.00797857
0.0076459
0.00725119
0.00680643
0.00631924
0.0057953
0.00523919
0.00465412
0.00404195
0.0034041
0.00273879
0.00205482
0.00130712
0.000768307
0.0080632
0.00824737
0.00833061
0.00830735
0.00820023
0.00802013
0.0077706
0.00745539
0.00708199
0.00665829
0.00619049
0.00568376
0.00514255
0.00457046
0.00397007
0.00334386
0.00269102
0.00202271
0.0012915
0.000791965
0.00799788
0.00816813
0.0082235
0.00817925
0.00806654
0.00788992
0.00764854
0.00734461
0.0069835
0.00657153
0.00611441
0.00561721
0.00508441
0.00451983
0.0039265
0.00330747
0.00266251
0.00200389
0.00128301
0.000804051
0.00796165
0.00812632
0.00817022
0.00811636
0.00800016
0.00782409
0.00758546
0.00728609
0.00693068
0.00652468
0.00607334
0.00558148
0.00505349
0.00449326
0.00390396
0.00328893
0.00264821
0.00199453
0.00127884
0.000808847
0.00796165
0.00812632
0.00817022
0.00811636
0.00800016
0.00782409
0.00758546
0.00728609
0.00693068
0.00652468
0.00607334
0.00558148
0.00505349
0.00449325
0.00390396
0.00328893
0.00264821
0.00199453
0.00127884
0.000808847
0.00799788
0.00816813
0.0082235
0.00817925
0.00806654
0.00788992
0.00764854
0.00734461
0.0069835
0.00657153
0.00611441
0.00561721
0.00508441
0.00451983
0.0039265
0.00330747
0.00266251
0.00200389
0.00128301
0.000804049
0.0080632
0.00824737
0.00833061
0.00830735
0.00820023
0.00802013
0.0077706
0.00745539
0.00708199
0.00665829
0.00619049
0.00568376
0.00514255
0.00457046
0.00397007
0.00334385
0.00269102
0.00202271
0.0012915
0.000791963
0.00813911
0.00835589
0.00849694
0.00851069
0.00841544
0.00823647
0.00797857
0.0076459
0.00725119
0.00680643
0.00631924
0.0057953
0.00523919
0.00465412
0.00404194
0.00340409
0.00273878
0.00205482
0.00130711
0.000768304
0.00817984
0.00847579
0.00873051
0.00877139
0.00864594
0.00843745
0.00815778
0.00780616
0.00739593
0.0069389
0.00644136
0.00590821
0.00534359
0.00475008
0.00412886
0.00348036
0.00280196
0.00209864
0.00133046
0.000724971
0.00809269
0.0085802
0.00914496
0.00937942
0.00932522
0.00910005
0.00874627
0.00830389
0.00781058
0.00728286
0.00672649
0.00614573
0.00554306
0.00491863
0.00427135
0.00359919
0.00289796
0.00216533
0.00137091
0.000655605
0.00774755
0.00857002
0.00883023
0.008649
0.00855557
0.00849238
0.00830709
0.00801344
0.00765354
0.00723375
0.00675478
0.00622455
0.00565118
0.0050399
0.00439417
0.00371507
0.00300207
0.0022448
0.00143466
0.000561174
0.00614944
0.0122096
0.014645
0.0140851
0.0130088
0.0120036
0.0109897
0.0100063
0.00910442
0.00827325
0.00748848
0.00673387
0.00599665
0.00526579
0.00453354
0.0037929
0.00304188
0.00225312
0.00146082
0.000422954
-0.00901701
-0.00526125
-0.000574339
0.00294078
0.00514705
0.00650903
0.00735086
0.00782298
0.00796959
0.00783155
0.00747447
0.00696181
0.00634026
0.00564361
0.0048976
0.00411981
0.00333162
0.00250025
0.00172431
0.000440344
0.0632069
0.0444188
0.0297912
0.0228195
0.0187207
0.0151191
0.012133
0.00991757
0.0082447
0.00689426
0.0057682
0.00481326
0.00397945
0.00322527
0.00252546
0.00186499
0.00125837
0.000681049
0.000355854
-0.000374892
0.0642394
0.0446725
0.0299848
0.0229868
0.0185629
0.0146148
0.0114047
0.00908621
0.00739733
0.00608859
0.0050367
0.00416765
0.00341752
0.0027374
0.00209931
0.0014888
0.00092022
0.000384195
9.48016e-05
-0.000488199
-0.00712354
-0.00394365
0.000726203
0.00482537
0.00769615
0.00935412
0.010105
0.0102355
0.00992267
0.0093054
0.00851028
0.00763016
0.00671912
0.00580584
0.00490657
0.00402358
0.00316184
0.00229238
0.00150499
0.000308571
0.00695347
0.0128281
0.0152466
0.0148296
0.0139775
0.0131206
0.0121527
0.0111388
0.0101484
0.00919011
0.00826107
0.00736144
0.00648817
0.00563503
0.00479608
0.00396355
0.00313385
0.00228424
0.00145028
0.00038783
0.00867178
0.00943957
0.0097962
0.00975564
0.00978846
0.0097928
0.00960759
0.00925801
0.00879946
0.00825381
0.00763709
0.00696838
0.00626251
0.00552836
0.00477105
0.00399194
0.00319048
0.00235747
0.00149174
0.000557681
0.00887026
0.00917916
0.0097377
0.0100256
0.0100371
0.00987367
0.00955946
0.00912734
0.00861553
0.00804493
0.00742771
0.00677444
0.00609263
0.00538628
0.0046571
0.00390504
0.00312804
0.00232473
0.0014784
0.000689328
0.0088545
0.008975
0.00924842
0.0093685
0.00931081
0.00915142
0.00889898
0.00855209
0.00812607
0.00763574
0.00709119
0.00650117
0.00587298
0.00521173
0.00452065
0.00380179
0.00305481
0.00228507
0.0014698
0.000786958
0.00874846
0.0087849
0.00893342
0.00901095
0.00896462
0.00882083
0.00858671
0.00826446
0.00786607
0.00740422
0.00688818
0.00632565
0.00572317
0.00508574
0.00441694
0.00371972
0.00299472
0.00225101
0.00146272
0.000848451
0.00862894
0.00862928
0.00871488
0.0087524
0.00869177
0.00854469
0.00831838
0.00801509
0.00764157
0.0072063
0.0067166
0.006179
0.00559934
0.0049826
0.00433275
0.00365362
0.00294675
0.00222337
0.00145613
0.000883145
0.00853681
0.00852176
0.00857644
0.00859022
0.00852101
0.00837438
0.00815448
0.00786264
0.00750343
0.00708339
0.00660893
0.00608598
0.00552002
0.00491598
0.00427808
0.00361059
0.00291558
0.0022053
0.00145158
0.000900897
0.00848783
0.00846668
0.00850843
0.00851125
0.00843739
0.00829032
0.00807274
0.00778575
0.00743316
0.00702055
0.00655372
0.00603822
0.00547932
0.00488185
0.00425015
0.00358869
0.00289976
0.00219604
0.00144901
0.000908092
0.00848783
0.00846668
0.00850843
0.00851125
0.00843739
0.00829032
0.00807274
0.00778575
0.00743316
0.00702055
0.00655372
0.00603822
0.00547932
0.00488185
0.00425015
0.00358869
0.00289976
0.00219604
0.00144901
0.000908091
0.00853681
0.00852176
0.00857644
0.00859022
0.00852101
0.00837438
0.00815448
0.00786264
0.00750342
0.00708339
0.00660893
0.00608598
0.00552002
0.00491598
0.00427808
0.00361059
0.00291558
0.0022053
0.00145158
0.000900896
0.00862894
0.00862928
0.00871488
0.0087524
0.00869177
0.00854469
0.00831838
0.00801509
0.00764157
0.0072063
0.0067166
0.006179
0.00559934
0.00498259
0.00433275
0.00365361
0.00294675
0.00222337
0.00145613
0.000883142
0.00874846
0.0087849
0.00893342
0.00901095
0.00896462
0.00882083
0.00858671
0.00826446
0.00786607
0.00740422
0.00688818
0.00632565
0.00572317
0.00508574
0.00441694
0.00371971
0.00299472
0.002251
0.00146271
0.000848448
0.0088545
0.008975
0.00924842
0.0093685
0.00931081
0.00915142
0.00889898
0.00855209
0.00812607
0.00763573
0.00709119
0.00650117
0.00587298
0.00521173
0.00452065
0.00380179
0.00305481
0.00228507
0.0014698
0.000786953
0.00887026
0.00917916
0.0097377
0.0100256
0.0100371
0.00987367
0.00955946
0.00912733
0.00861553
0.00804492
0.00742771
0.00677444
0.00609263
0.00538627
0.00465709
0.00390504
0.00312803
0.00232472
0.0014784
0.000689322
0.00867178
0.00943957
0.0097962
0.00975564
0.00978846
0.0097928
0.00960759
0.00925801
0.00879946
0.00825381
0.00763709
0.00696837
0.0062625
0.00552835
0.00477105
0.00399193
0.00319047
0.00235746
0.00149172
0.000557673
0.00695347
0.0128281
0.0152466
0.0148296
0.0139775
0.0131206
0.0121527
0.0111388
0.0101484
0.00919011
0.00826106
0.00736143
0.00648816
0.00563502
0.00479607
0.00396354
0.00313384
0.00228423
0.00145027
0.000387819
-0.00712354
-0.00394365
0.000726202
0.00482537
0.00769615
0.00935412
0.010105
0.0102355
0.00992267
0.00930539
0.00851028
0.00763016
0.00671911
0.00580584
0.00490656
0.00402356
0.00316183
0.00229236
0.00150495
0.000308544
0.0642394
0.0446725
0.0299848
0.0229868
0.0185629
0.0146148
0.0114047
0.00908621
0.00739733
0.00608859
0.0050367
0.00416765
0.00341752
0.0027374
0.00209931
0.00148881
0.000920245
0.000384233
9.48383e-05
-0.000488171
)
;

boundaryField
{
    inlet
    {
        type            zeroGradient;
    }
    outlet
    {
        type            fixedValue;
        value           uniform 0;
    }
    walls
    {
        type            zeroGradient;
    }
    frontAndBack
    {
        type            empty;
    }
}


// ************************************************************************* //
