/*--------------------------------*- C++ -*----------------------------------*\
  =========                 |
  \\      /  F ield         | OpenFOAM: The Open Source CFD Toolbox
   \\    /   O peration     | Website:  https://openfoam.org
    \\  /    A nd           | Version:  9
     \\/     M anipulation  |
\*---------------------------------------------------------------------------*/
FoamFile
{
    format      ascii;
    class       volScalarField;
    location    "100";
    object      p;
}
// * * * * * * * * * * * * * * * * * * * * * * * * * * * * * * * * * * * * * //

dimensions      [0 2 -2 0 0 0 0];

internalField   nonuniform List<scalar> 
8000
(
0.0642396
0.0446727
0.0299849
0.0229869
0.0185631
0.0146149
0.0114048
0.00908638
0.00739751
0.00608877
0.00503687
0.00416782
0.00341767
0.00273754
0.00209943
0.00148891
0.000920313
0.00038427
9.4834e-05
-0.000488173
-0.00712339
-0.00394349
0.000726358
0.00482553
0.00769631
0.00935428
0.0101052
0.0102356
0.00992285
0.00930557
0.00851046
0.00763033
0.00671928
0.005806
0.00490672
0.00402372
0.00316198
0.00229249
0.00150506
0.000308558
0.00695363
0.0128283
0.0152467
0.0148297
0.0139776
0.0131207
0.0121528
0.011139
0.0101486
0.00919029
0.00826125
0.00736162
0.00648834
0.0056352
0.00479624
0.00396372
0.00313401
0.00228437
0.00145036
0.000387774
0.00867193
0.00943973
0.00979636
0.0097558
0.00978863
0.00979297
0.00960777
0.00925819
0.00879964
0.008254
0.00763728
0.00696856
0.00626269
0.00552854
0.00477122
0.0039921
0.00319062
0.00235757
0.00149179
0.000557605
0.00887042
0.00917932
0.00973786
0.0100257
0.0100372
0.00987384
0.00955964
0.00912752
0.00861572
0.00804511
0.0074279
0.00677463
0.00609281
0.00538645
0.00465726
0.00390519
0.00312816
0.00232483
0.00147845
0.000689278
0.00885466
0.00897516
0.00924858
0.00936866
0.00931098
0.00915159
0.00889916
0.00855227
0.00812626
0.00763592
0.00709138
0.00650136
0.00587316
0.0052119
0.00452081
0.00380194
0.00305495
0.00228518
0.00146987
0.00078696
0.00874862
0.00878506
0.00893358
0.00901111
0.00896479
0.00882101
0.00858689
0.00826464
0.00786626
0.0074044
0.00688836
0.00632583
0.00572334
0.00508591
0.0044171
0.00371986
0.00299485
0.00225112
0.0014628
0.000848509
0.0086291
0.00862944
0.00871504
0.00875257
0.00869194
0.00854486
0.00831856
0.00801527
0.00764175
0.00720648
0.00671678
0.00617918
0.00559951
0.00498276
0.00433291
0.00365376
0.00294688
0.00222349
0.00145623
0.000883252
0.00853697
0.00852192
0.0085766
0.00859039
0.00852118
0.00837455
0.00815466
0.00786282
0.00750361
0.00708357
0.00660911
0.00608615
0.00552019
0.00491614
0.00427823
0.00361073
0.00291571
0.00220543
0.00145169
0.00090104
0.00848799
0.00846684
0.00850859
0.00851141
0.00843756
0.00829049
0.00807292
0.00778593
0.00743334
0.00702073
0.0065539
0.0060384
0.00547948
0.00488201
0.00425029
0.00358882
0.00289989
0.00219617
0.00144912
0.000908253
0.00848799
0.00846684
0.00850859
0.00851142
0.00843756
0.0082905
0.00807292
0.00778593
0.00743334
0.00702073
0.0065539
0.0060384
0.00547948
0.00488201
0.00425029
0.00358882
0.00289989
0.00219617
0.00144912
0.000908253
0.00853697
0.00852192
0.0085766
0.00859039
0.00852119
0.00837455
0.00815466
0.00786282
0.00750361
0.00708357
0.00660911
0.00608615
0.00552019
0.00491613
0.00427822
0.00361073
0.00291571
0.00220543
0.00145169
0.00090104
0.0086291
0.00862945
0.00871505
0.00875257
0.00869194
0.00854487
0.00831857
0.00801527
0.00764175
0.00720648
0.00671678
0.00617917
0.00559951
0.00498275
0.0043329
0.00365375
0.00294687
0.00222349
0.00145623
0.000883252
0.00874863
0.00878506
0.00893359
0.00901112
0.0089648
0.00882101
0.0085869
0.00826465
0.00786626
0.0074044
0.00688836
0.00632583
0.00572334
0.00508591
0.00441709
0.00371986
0.00299485
0.00225111
0.0014628
0.000848509
0.00885467
0.00897517
0.00924859
0.00936867
0.00931099
0.0091516
0.00889916
0.00855227
0.00812626
0.00763592
0.00709137
0.00650135
0.00587316
0.0052119
0.00452081
0.00380193
0.00305494
0.00228517
0.00146986
0.000786959
0.00887043
0.00917933
0.00973787
0.0100258
0.0100372
0.00987385
0.00955965
0.00912752
0.00861572
0.00804511
0.0074279
0.00677462
0.00609281
0.00538645
0.00465726
0.00390519
0.00312816
0.00232482
0.00147845
0.000689277
0.00867194
0.00943974
0.00979637
0.00975581
0.00978864
0.00979298
0.00960777
0.0092582
0.00879965
0.008254
0.00763728
0.00696856
0.00626269
0.00552853
0.00477122
0.00399209
0.00319061
0.00235756
0.00149178
0.000557604
0.00695364
0.0128283
0.0152467
0.0148297
0.0139777
0.0131207
0.0121528
0.011139
0.0101486
0.0091903
0.00826125
0.00736162
0.00648834
0.0056352
0.00479624
0.0039637
0.00313399
0.00228435
0.00145035
0.000387772
-0.00712337
-0.00394348
0.000726369
0.00482554
0.00769632
0.00935429
0.0101052
0.0102357
0.00992286
0.00930558
0.00851046
0.00763033
0.00671928
0.005806
0.00490672
0.00402372
0.00316198
0.00229249
0.00150505
0.000308544
0.0642396
0.0446727
0.0299849
0.0229869
0.0185631
0.0146149
0.0114048
0.00908639
0.00739751
0.00608877
0.00503687
0.00416781
0.00341767
0.00273754
0.00209943
0.00148891
0.000920321
0.000384283
9.48468e-05
-0.000488159
0.063207
0.0444189
0.0297913
0.0228196
0.0187208
0.0151192
0.0121331
0.0099177
0.00824483
0.0068944
0.00576833
0.00481339
0.00397957
0.00322538
0.00252555
0.00186507
0.00125843
0.000681084
0.000355855
-0.000374878
-0.00901691
-0.00526115
-0.00057423
0.00294089
0.00514716
0.00650915
0.00735099
0.00782311
0.00796973
0.00783169
0.00747461
0.00696195
0.00634039
0.00564374
0.00489773
0.00411995
0.00333175
0.00250038
0.00172441
0.000440347
0.00614954
0.0122097
0.0146452
0.0140852
0.0130089
0.0120037
0.0109898
0.0100065
0.00910455
0.00827338
0.00748861
0.00673401
0.00599679
0.00526592
0.00453367
0.00379303
0.00304201
0.00225323
0.00146091
0.000422904
0.00774766
0.00857012
0.00883034
0.00864912
0.00855568
0.0084925
0.00830721
0.00801357
0.00765368
0.00723389
0.00675492
0.00622469
0.00565132
0.00504004
0.00439431
0.0037152
0.00300219
0.0022449
0.00143473
0.000561111
0.00809279
0.00858031
0.00914507
0.00937953
0.00932533
0.00910017
0.0087464
0.00830402
0.00781072
0.007283
0.00672663
0.00614588
0.0055432
0.00491877
0.00427148
0.00359932
0.00289807
0.00216541
0.00137097
0.000655567
0.00817994
0.0084759
0.00873063
0.00877151
0.00864606
0.00843757
0.00815791
0.0078063
0.00739607
0.00693904
0.0064415
0.00590836
0.00534373
0.00475022
0.004129
0.00348048
0.00280207
0.00209873
0.00133052
0.00072498
0.00813921
0.008356
0.00849705
0.0085108
0.00841556
0.00823659
0.0079787
0.00764603
0.00725133
0.00680657
0.00631938
0.00579544
0.00523932
0.00465425
0.00404207
0.00340422
0.00273889
0.00205491
0.00130718
0.00076836
0.00806331
0.00824748
0.00833072
0.00830747
0.00820035
0.00802026
0.00777073
0.00745552
0.00708212
0.00665842
0.00619063
0.0056839
0.00514268
0.00457059
0.00397019
0.00334397
0.00269113
0.00202281
0.00129158
0.00079206
0.00799799
0.00816824
0.00822361
0.00817937
0.00806666
0.00789005
0.00764867
0.00734474
0.00698363
0.00657166
0.00611455
0.00561735
0.00508454
0.00451996
0.00392662
0.00330758
0.00266262
0.00200399
0.00128309
0.000804176
0.00796176
0.00812643
0.00817034
0.00811648
0.00800028
0.00782422
0.00758559
0.00728622
0.00693081
0.00652482
0.00607347
0.00558161
0.00505362
0.00449338
0.00390407
0.00328904
0.00264832
0.00199463
0.00127892
0.000808989
0.00796176
0.00812644
0.00817034
0.00811648
0.00800028
0.00782422
0.00758559
0.00728622
0.00693081
0.00652482
0.00607347
0.00558161
0.00505362
0.00449338
0.00390407
0.00328904
0.00264832
0.00199463
0.00127892
0.000808989
0.00799799
0.00816824
0.00822361
0.00817937
0.00806667
0.00789005
0.00764868
0.00734474
0.00698364
0.00657166
0.00611455
0.00561734
0.00508454
0.00451995
0.00392661
0.00330758
0.00266261
0.00200399
0.00128309
0.000804176
0.00806331
0.00824749
0.00833073
0.00830747
0.00820035
0.00802026
0.00777073
0.00745552
0.00708212
0.00665842
0.00619063
0.0056839
0.00514268
0.00457058
0.00397019
0.00334397
0.00269113
0.00202281
0.00129157
0.000792061
0.00813922
0.00835601
0.00849706
0.00851081
0.00841557
0.0082366
0.0079787
0.00764603
0.00725133
0.00680657
0.00631938
0.00579544
0.00523932
0.00465425
0.00404207
0.00340421
0.00273889
0.00205491
0.00130718
0.00076836
0.00817995
0.00847591
0.00873064
0.00877152
0.00864607
0.00843758
0.00815791
0.0078063
0.00739607
0.00693904
0.0064415
0.00590835
0.00534372
0.00475021
0.00412899
0.00348048
0.00280206
0.00209872
0.00133052
0.00072498
0.0080928
0.00858032
0.00914508
0.00937954
0.00932534
0.00910018
0.00874641
0.00830402
0.00781072
0.00728301
0.00672663
0.00614588
0.0055432
0.00491877
0.00427148
0.00359931
0.00289806
0.00216541
0.00137096
0.000655566
0.00774767
0.00857014
0.00883035
0.00864913
0.00855569
0.00849251
0.00830722
0.00801358
0.00765368
0.00723389
0.00675492
0.00622469
0.00565132
0.00504004
0.00439431
0.0037152
0.00300218
0.00224489
0.00143471
0.000561108
0.00614956
0.0122097
0.0146452
0.0140853
0.0130089
0.0120037
0.0109899
0.0100065
0.00910455
0.00827338
0.00748862
0.00673401
0.00599678
0.00526592
0.00453367
0.00379302
0.003042
0.00225322
0.0014609
0.000422904
-0.0090169
-0.00526113
-0.000574219
0.0029409
0.00514718
0.00650916
0.007351
0.00782312
0.00796973
0.00783169
0.00747461
0.00696195
0.00634039
0.00564374
0.00489773
0.00411994
0.00333173
0.00250036
0.00172439
0.000440328
0.063207
0.0444189
0.0297913
0.0228196
0.0187209
0.0151192
0.0121331
0.00991771
0.00824484
0.0068944
0.00576833
0.00481339
0.00397957
0.00322537
0.00252555
0.00186507
0.00125843
0.00068109
0.000355863
-0.000374867
0.062944
0.0436834
0.0288921
0.0219359
0.0179758
0.014568
0.0117673
0.00970695
0.0081542
0.00688739
0.00581257
0.00488588
0.00406754
0.00332424
0.00263666
0.00199198
0.00140466
0.000839676
0.000512235
-0.000277551
-0.00978862
-0.00608776
-0.0015012
0.00182205
0.00374977
0.0048136
0.00540287
0.00571238
0.00580707
0.00572488
0.00551256
0.0052083
0.00483333
0.00439926
0.00391566
0.00338685
0.00282559
0.00219274
0.00158186
0.000446926
0.00574664
0.0117749
0.0141231
0.0134708
0.0122998
0.0112073
0.0101181
0.00906738
0.00811336
0.0072566
0.0064789
0.00576499
0.00509925
0.00446495
0.00384743
0.0032325
0.00261188
0.00195431
0.00128473
0.000397694
0.00722888
0.00790127
0.00805658
0.00778458
0.00759007
0.00743036
0.0071693
0.00682506
0.00644389
0.006035
0.00559765
0.00513605
0.00465387
0.00415139
0.00362712
0.00307787
0.00249944
0.0018811
0.0012068
0.00049676
0.00759811
0.00796197
0.00845157
0.00863149
0.00852906
0.00826002
0.00786877
0.00739649
0.00688369
0.00635125
0.00580815
0.00526006
0.00470925
0.00415438
0.00359191
0.00301736
0.00242372
0.00180902
0.00113495
0.000556251
0.00771098
0.00787825
0.00805429
0.00803882
0.00786103
0.00760395
0.00728577
0.00690928
0.00648877
0.00603689
0.00556031
0.00506361
0.00455016
0.00402154
0.00347754
0.00291731
0.0023365
0.00174125
0.00108465
0.000593777
0.00769683
0.00778957
0.0078596
0.0078276
0.00769223
0.00747716
0.00719041
0.00683846
0.00643512
0.00599352
0.00552221
0.00502718
0.00451289
0.00398212
0.0034359
0.00287489
0.00229591
0.00170898
0.00106264
0.000618
0.00764258
0.00770733
0.00772397
0.00765919
0.00751535
0.00730134
0.00702385
0.00668951
0.00630738
0.00588635
0.00543323
0.00495332
0.00445085
0.00392897
0.00338961
0.00283461
0.00226197
0.00168409
0.00104775
0.000629901
0.00759213
0.00764651
0.00763842
0.00755579
0.00740948
0.00720191
0.00693489
0.00661315
0.0062436
0.00583357
0.00538948
0.0049167
0.00441963
0.0039018
0.00336563
0.00281366
0.00224452
0.00167172
0.00104118
0.000636355
0.0075634
0.00761406
0.00759611
0.00750535
0.00735694
0.00715104
0.00688745
0.00657047
0.0062064
0.00580182
0.0053627
0.0048942
0.00440068
0.00388572
0.00335193
0.00280216
0.0022353
0.00166533
0.00103789
0.000638809
0.0075634
0.00761406
0.00759611
0.00750535
0.00735694
0.00715104
0.00688745
0.00657047
0.0062064
0.00580182
0.0053627
0.0048942
0.00440068
0.00388571
0.00335193
0.00280215
0.0022353
0.00166533
0.00103789
0.000638808
0.00759214
0.00764651
0.00763842
0.00755579
0.00740949
0.00720191
0.00693489
0.00661315
0.0062436
0.00583357
0.00538948
0.0049167
0.00441963
0.00390179
0.00336562
0.00281366
0.00224452
0.00167172
0.00104118
0.000636355
0.00764259
0.00770734
0.00772398
0.0076592
0.00751535
0.00730135
0.00702385
0.00668951
0.00630738
0.00588635
0.00543323
0.00495332
0.00445084
0.00392897
0.0033896
0.0028346
0.00226196
0.00168409
0.00104775
0.000629902
0.00769684
0.00778957
0.00785961
0.0078276
0.00769224
0.00747716
0.00719042
0.00683846
0.00643513
0.00599353
0.00552221
0.00502718
0.00451289
0.00398211
0.0034359
0.00287489
0.0022959
0.00170898
0.00106264
0.000618
0.00771099
0.00787826
0.0080543
0.00803883
0.00786103
0.00760396
0.00728577
0.00690928
0.00648877
0.00603689
0.00556031
0.0050636
0.00455016
0.00402153
0.00347753
0.0029173
0.00233649
0.00174125
0.00108465
0.000593777
0.00759812
0.00796198
0.00845157
0.0086315
0.00852907
0.00826003
0.00786877
0.0073965
0.00688369
0.00635125
0.00580816
0.00526006
0.00470925
0.00415437
0.00359191
0.00301735
0.00242372
0.00180901
0.00113494
0.000556249
0.00722889
0.00790128
0.00805659
0.00778459
0.00759008
0.00743037
0.00716931
0.00682506
0.0064439
0.006035
0.00559765
0.00513605
0.00465387
0.00415138
0.00362711
0.00307786
0.00249943
0.00188109
0.00120679
0.000496756
0.00574666
0.0117749
0.0141231
0.0134708
0.0122998
0.0112073
0.0101181
0.00906739
0.00811337
0.0072566
0.0064789
0.00576499
0.00509925
0.00446495
0.00384743
0.00323249
0.00261187
0.0019543
0.00128471
0.000397694
-0.00978861
-0.00608775
-0.00150119
0.00182206
0.00374978
0.00481361
0.00540288
0.00571239
0.00580707
0.00572488
0.00551256
0.0052083
0.00483333
0.00439925
0.00391565
0.00338683
0.00282557
0.00219271
0.00158184
0.000446907
0.062944
0.0436835
0.0288921
0.0219359
0.0179758
0.014568
0.0117673
0.00970696
0.0081542
0.00688739
0.00581258
0.00488588
0.00406754
0.00332424
0.00263666
0.00199198
0.00140466
0.000839676
0.000512236
-0.000277546
0.0624093
0.0429969
0.0281461
0.0212115
0.0173083
0.013963
0.0112195
0.00921347
0.00771579
0.00650479
0.00548582
0.00461518
0.00385357
0.00316788
0.00253881
0.00195307
0.00142233
0.000908522
0.000595191
-0.000157283
-0.0104217
-0.00679448
-0.00228747
0.00096824
0.00283094
0.00382895
0.00435026
0.00459224
0.00462551
0.00449408
0.00425032
0.00393736
0.00357985
0.00319091
0.00278021
0.00235089
0.00191413
0.00143567
0.00100725
0.000204459
0.00521756
0.0112158
0.0135295
0.0128545
0.0116681
0.0105607
0.00945491
0.00838494
0.00740981
0.00653267
0.00573825
0.00501489
0.00435123
0.00373453
0.00315329
0.0025957
0.00205489
0.00150564
0.000967324
0.000297619
0.00668203
0.00728498
0.00738553
0.00707387
0.00684365
0.00665196
0.0063645
0.00599841
0.00559961
0.00517888
0.0047375
0.00428196
0.00381847
0.00334968
0.00287602
0.00239614
0.00190727
0.0014042
0.000869481
0.000366044
0.00706193
0.00736614
0.00781274
0.00796202
0.00783277
0.00754299
0.0071386
0.00665944
0.00614419
0.00561311
0.00507556
0.00453851
0.00400646
0.00348067
0.00296024
0.0024433
0.00192488
0.00140759
0.000852674
0.000424707
0.00718348
0.00728657
0.00741795
0.0073751
0.00717357
0.00689522
0.00656038
0.00617302
0.00574783
0.00529801
0.00483087
0.00435159
0.00386438
0.00337194
0.00287539
0.00237555
0.00186941
0.00136637
0.00082056
0.000447639
0.00718087
0.00720928
0.00723676
0.0071813
0.00702581
0.00679263
0.00649256
0.00613325
0.0057287
0.00529231
0.0048331
0.00435761
0.00387097
0.00337687
0.00287738
0.00237445
0.00186587
0.00136386
0.000818748
0.000465795
0.00713743
0.0071378
0.00711241
0.00702564
0.00686345
0.00663279
0.00634274
0.00600117
0.00561767
0.00520181
0.00476114
0.00430156
0.00382784
0.00334373
0.00285175
0.00235457
0.00185071
0.001354
0.000813519
0.000473148
0.0070951
0.00708536
0.00703577
0.00693224
0.00676899
0.00654607
0.0062676
0.00593953
0.00556934
0.00516503
0.00473375
0.00428152
0.00381328
0.00333306
0.0028438
0.00234867
0.0018466
0.00135209
0.000813597
0.0004781
0.00707068
0.00705743
0.00699826
0.00688707
0.0067223
0.0065016
0.00622698
0.00590391
0.00553931
0.00514045
0.0047141
0.00426611
0.00380135
0.00332392
0.00283685
0.00234351
0.00184298
0.00135006
0.000812972
0.000479922
0.00707068
0.00705744
0.00699826
0.00688707
0.0067223
0.0065016
0.00622698
0.00590391
0.00553931
0.00514045
0.0047141
0.00426611
0.00380135
0.00332392
0.00283685
0.0023435
0.00184298
0.00135006
0.000812972
0.000479921
0.00709511
0.00708536
0.00703577
0.00693224
0.00676899
0.00654607
0.00626761
0.00593954
0.00556934
0.00516503
0.00473375
0.00428152
0.00381327
0.00333306
0.0028438
0.00234867
0.00184659
0.00135209
0.000813596
0.0004781
0.00713743
0.00713781
0.00711241
0.00702564
0.00686345
0.00663279
0.00634275
0.00600117
0.00561767
0.00520181
0.00476114
0.00430156
0.00382784
0.00334373
0.00285174
0.00235457
0.00185071
0.001354
0.000813517
0.000473148
0.00718088
0.00720928
0.00723677
0.00718131
0.00702581
0.00679263
0.00649257
0.00613325
0.0057287
0.00529231
0.0048331
0.00435761
0.00387097
0.00337686
0.00287738
0.00237445
0.00186587
0.00136385
0.000818745
0.000465794
0.00718349
0.00728658
0.00741796
0.00737511
0.00717358
0.00689523
0.00656039
0.00617302
0.00574783
0.00529801
0.00483087
0.00435159
0.00386437
0.00337194
0.00287539
0.00237554
0.0018694
0.00136637
0.000820556
0.000447639
0.00706194
0.00736615
0.00781275
0.00796203
0.00783278
0.00754299
0.00713861
0.00665945
0.0061442
0.00561311
0.00507556
0.00453851
0.00400645
0.00348067
0.00296024
0.00244329
0.00192487
0.00140758
0.000852665
0.000424706
0.00668204
0.00728499
0.00738554
0.00707388
0.00684366
0.00665197
0.0063645
0.00599842
0.00559962
0.00517888
0.0047375
0.00428196
0.00381847
0.00334967
0.00287601
0.00239613
0.00190726
0.00140419
0.000869468
0.000366041
0.00521758
0.0112158
0.0135295
0.0128545
0.0116681
0.0105607
0.00945492
0.00838495
0.00740981
0.00653267
0.00573825
0.00501489
0.00435123
0.00373453
0.00315329
0.00259569
0.00205488
0.00150563
0.000967313
0.00029762
-0.0104217
-0.00679447
-0.00228746
0.000968251
0.00283095
0.00382896
0.00435027
0.00459225
0.00462551
0.00449409
0.00425033
0.00393736
0.00357984
0.0031909
0.00278021
0.00235088
0.00191411
0.00143564
0.00100724
0.000204447
0.0624093
0.0429969
0.0281461
0.0212116
0.0173083
0.013963
0.0112195
0.00921348
0.00771579
0.0065048
0.00548583
0.00461518
0.00385357
0.00316788
0.00253881
0.00195307
0.00142233
0.000908522
0.000595192
-0.000157281
0.0618759
0.0424143
0.0275478
0.0206318
0.0167584
0.0134425
0.0107268
0.00875004
0.00728433
0.00610803
0.00512654
0.00429684
0.00358039
0.00294447
0.00236967
0.00184221
0.00137029
0.000915126
0.000627535
-6.46534e-05
-0.0109676
-0.0073687
-0.00288718
0.00035264
0.00220154
0.00318621
0.00369539
0.00392685
0.00395108
0.00381194
0.00356231
0.00324671
0.0028917
0.00251243
0.00212068
0.00172232
0.00133153
0.000924521
0.000598228
2.1388e-05
0.00469726
0.0106726
0.012973
0.0122994
0.0111222
0.0100266
0.00893238
0.00787238
0.00690547
0.00603533
0.00524753
0.00453172
0.00387827
0.00327652
0.0027173
0.00219183
0.00169634
0.00121363
0.000759812
0.000240007
0.00616204
0.00673474
0.00681296
0.00648873
0.00624975
0.00605271
0.0057643
0.00540154
0.00500958
0.00459853
0.00416927
0.00372832
0.00328262
0.00283615
0.00239124
0.00194928
0.00151057
0.00107656
0.000631761
0.000268159
0.00654864
0.0068257
0.0072542
0.00739462
0.00725968
0.00696799
0.00656662
0.00609494
0.00559079
0.0050739
0.00455333
0.00403601
0.00352677
0.00302776
0.00253941
0.00206196
0.00159284
0.00113903
0.000664585
0.000332652
0.00667498
0.00674926
0.00686145
0.00680978
0.00660277
0.00632219
0.00598951
0.00560849
0.00519336
0.00475713
0.00430715
0.0038488
0.00338669
0.00292416
0.00246326
0.00200616
0.00155141
0.00111086
0.000642819
0.000344535
0.0066778
0.00667669
0.00668523
0.00662181
0.00646134
0.00622607
0.00592847
0.00557625
0.00518291
0.00476159
0.0043213
0.0038687
0.00340923
0.00294707
0.00248499
0.00202591
0.00156866
0.00112666
0.000655103
0.00036015
0.00663932
0.00660936
0.00656459
0.00646989
0.00630287
0.00607027
0.00578289
0.00544864
0.0050766
0.00467609
0.0042547
0.00381852
0.00337266
0.00292133
0.00246758
0.00201485
0.0015623
0.00112425
0.000654976
0.000364699
0.00660078
0.00656015
0.00649091
0.00637955
0.00621169
0.00598701
0.00571139
0.00539089
0.00503252
0.00464401
0.00423256
0.00380431
0.00336449
0.00291755
0.00246688
0.00201625
0.0015651
0.00112805
0.000658884
0.000369026
0.0065784
0.00653398
0.006455
0.00633599
0.00616668
0.00594427
0.00567256
0.00535717
0.00500452
0.00462162
0.00421526
0.00379143
0.00335528
0.00291128
0.0024629
0.00201403
0.0015642
0.00112819
0.000659573
0.000370493
0.0065784
0.00653398
0.006455
0.00633599
0.00616668
0.00594428
0.00567256
0.00535717
0.00500452
0.00462162
0.00421526
0.00379143
0.00335528
0.00291128
0.0024629
0.00201403
0.0015642
0.00112819
0.000659573
0.000370493
0.00660079
0.00656015
0.00649091
0.00637956
0.0062117
0.00598702
0.00571139
0.0053909
0.00503252
0.00464401
0.00423256
0.00380431
0.00336449
0.00291755
0.00246688
0.00201625
0.0015651
0.00112805
0.000658883
0.000369026
0.00663932
0.00660936
0.00656459
0.0064699
0.00630288
0.00607027
0.00578289
0.00544864
0.0050766
0.00467609
0.0042547
0.00381852
0.00337266
0.00292133
0.00246758
0.00201484
0.0015623
0.00112425
0.000654975
0.000364699
0.0066778
0.0066767
0.00668523
0.00662182
0.00646135
0.00622608
0.00592848
0.00557625
0.00518292
0.00476159
0.0043213
0.0038687
0.00340923
0.00294707
0.00248499
0.00202591
0.00156866
0.00112666
0.000655101
0.00036015
0.00667499
0.00674927
0.00686146
0.00680979
0.00660277
0.0063222
0.00598952
0.0056085
0.00519336
0.00475713
0.00430715
0.0038488
0.00338669
0.00292416
0.00246325
0.00200616
0.00155141
0.00111086
0.000642816
0.000344535
0.00654865
0.00682571
0.00725421
0.00739463
0.00725969
0.006968
0.00656663
0.00609494
0.00559079
0.0050739
0.00455334
0.00403601
0.00352677
0.00302776
0.00253941
0.00206196
0.00159283
0.00113903
0.000664578
0.000332651
0.00616205
0.00673475
0.00681297
0.00648873
0.00624976
0.00605272
0.00576431
0.00540155
0.00500959
0.00459854
0.00416927
0.00372832
0.00328262
0.00283615
0.00239124
0.00194927
0.00151056
0.00107655
0.00063175
0.000268157
0.00469727
0.0106726
0.012973
0.0122994
0.0111222
0.0100267
0.00893239
0.00787239
0.00690548
0.00603534
0.00524754
0.00453172
0.00387827
0.00327652
0.0027173
0.00219182
0.00169633
0.00121362
0.000759804
0.000240008
-0.0109676
-0.00736869
-0.00288717
0.00035265
0.00220155
0.00318622
0.00369539
0.00392686
0.00395109
0.00381195
0.00356231
0.00324671
0.0028917
0.00251243
0.00212067
0.00172231
0.00133152
0.000924507
0.000598222
2.13832e-05
0.0618759
0.0424143
0.0275478
0.0206318
0.0167585
0.0134425
0.0107268
0.00875004
0.00728434
0.00610804
0.00512654
0.00429684
0.00358039
0.00294447
0.00236967
0.00184221
0.00137029
0.000915124
0.000627536
-6.46547e-05
0.0614311
0.0419584
0.0270936
0.0201918
0.0163362
0.0130378
0.0103408
0.00838572
0.00694499
0.00579658
0.00484567
0.00404937
0.00336921
0.00277241
0.00223923
0.00175528
0.00132644
0.000912286
0.000647719
-1.98015e-05
-0.011411
-0.00781759
-0.00333606
-9.10229e-05
0.0017629
0.00275187
0.00326607
0.00350429
0.00353717
0.00340845
0.003171
0.00286956
0.00253105
0.00217105
0.00180193
0.00143064
0.00107257
0.000708768
0.000436744
-3.69142e-05
0.00426007
0.010228
0.012528
0.0118624
0.0106971
0.00961542
0.00853667
0.0074933
0.00654385
0.00569194
0.00492323
0.00422762
0.00359594
0.00301809
0.00248562
0.00199085
0.00153089
0.00109181
0.000683979
0.000234963
0.00572598
0.00628959
0.00636463
0.00604314
0.005809
0.00561835
0.00533846
0.00498667
0.00460824
0.00421327
0.00380255
0.00338257
0.00296029
0.00253991
0.00212411
0.00171504
0.00131377
0.000923979
0.000529401
0.000231107
0.00611579
0.00638406
0.00680977
0.00695343
0.00682421
0.00654042
0.00614963
0.0056911
0.00520251
0.00470356
0.00420333
0.00370876
0.00322479
0.00275372
0.00229627
0.00185312
0.00142214
0.00101102
0.000584339
0.000296098
0.00624455
0.00630925
0.00641785
0.00636859
0.00616633
0.0058927
0.0055698
0.00520139
0.0048015
0.00438312
0.00395365
0.00351851
0.00308235
0.00264865
0.00221958
0.00179757
0.00138138
0.000982588
0.00056193
0.000298332
0.00624974
0.00623849
0.00624313
0.00618196
0.00602596
0.00579732
0.00550941
0.00516997
0.00479232
0.00438949
0.00397051
0.00354199
0.00310936
0.00267685
0.00224726
0.00182359
0.00140475
0.00100333
0.000577859
0.000310875
0.00621328
0.00617256
0.00612346
0.00603072
0.00586784
0.00564157
0.0053637
0.00504223
0.00468601
0.00430426
0.00390452
0.00349282
0.0030742
0.00265284
0.0022318
0.00181445
0.0014
0.00100164
0.000577599
0.000312531
0.00617626
0.00612438
0.00605051
0.00594096
0.0057771
0.00555859
0.00529238
0.00498466
0.00464222
0.00427269
0.0038832
0.00347978
0.00306755
0.00265088
0.0022331
0.00181784
0.00140451
0.00100656
0.000581901
0.00031576
0.00615468
0.00609876
0.00601497
0.00589768
0.00573228
0.00551596
0.0052536
0.00495098
0.0046143
0.00425048
0.0038662
0.00346735
0.00305894
0.00264533
0.00222988
0.00181635
0.00140419
0.00100697
0.000582521
0.000316651
0.00615468
0.00609877
0.00601497
0.00589768
0.00573228
0.00551597
0.0052536
0.00495098
0.0046143
0.00425048
0.00386621
0.00346735
0.00305894
0.00264533
0.00222988
0.00181635
0.00140419
0.00100697
0.000582521
0.000316651
0.00617626
0.00612438
0.00605051
0.00594097
0.0057771
0.00555859
0.00529238
0.00498467
0.00464222
0.00427269
0.0038832
0.00347978
0.00306755
0.00265088
0.0022331
0.00181784
0.00140451
0.00100656
0.0005819
0.00031576
0.00621329
0.00617256
0.00612346
0.00603073
0.00586785
0.00564157
0.0053637
0.00504223
0.00468601
0.00430426
0.00390452
0.00349282
0.0030742
0.00265284
0.0022318
0.00181445
0.00139999
0.00100164
0.000577598
0.000312532
0.00624974
0.00623849
0.00624314
0.00618197
0.00602596
0.00579733
0.00550942
0.00516998
0.00479232
0.0043895
0.00397051
0.00354199
0.00310936
0.00267684
0.00224726
0.00182359
0.00140475
0.00100333
0.000577858
0.000310875
0.00624456
0.00630926
0.00641785
0.0063686
0.00616634
0.0058927
0.00556981
0.0052014
0.0048015
0.00438312
0.00395365
0.00351851
0.00308235
0.00264864
0.00221958
0.00179757
0.00138138
0.000982587
0.000561927
0.000298332
0.0061158
0.00638407
0.00680978
0.00695343
0.00682421
0.00654043
0.00614964
0.0056911
0.00520252
0.00470356
0.00420333
0.00370876
0.00322479
0.00275372
0.00229627
0.00185311
0.00142214
0.00101101
0.000584334
0.000296097
0.00572599
0.0062896
0.00636463
0.00604315
0.00580901
0.00561835
0.00533847
0.00498667
0.00460824
0.00421327
0.00380256
0.00338257
0.00296029
0.00253991
0.00212411
0.00171503
0.00131376
0.000923973
0.000529394
0.000231106
0.00426008
0.010228
0.012528
0.0118624
0.0106971
0.00961543
0.00853668
0.00749331
0.00654385
0.00569194
0.00492324
0.00422762
0.00359594
0.00301809
0.00248562
0.00199084
0.00153088
0.0010918
0.000683972
0.000234963
-0.011411
-0.00781758
-0.00333605
-9.10131e-05
0.00176291
0.00275188
0.00326608
0.00350429
0.00353718
0.00340846
0.003171
0.00286956
0.00253105
0.00217105
0.00180193
0.00143064
0.00107257
0.000708759
0.000436743
-3.6916e-05
0.0614311
0.0419584
0.0270936
0.0201918
0.0163362
0.0130378
0.0103408
0.00838573
0.006945
0.00579658
0.00484568
0.00404937
0.00336921
0.00277242
0.00223924
0.00175528
0.00132644
0.000912284
0.00064772
-1.98031e-05
0.0610924
0.0416225
0.0267658
0.0198759
0.0160335
0.0127487
0.0100669
0.00812924
0.00670834
0.00558191
0.00465499
0.00388461
0.00323219
0.00266461
0.00216159
0.00170786
0.00130758
0.000917981
0.000667799
4.45335e-07
-0.0117467
-0.00814939
-0.00366007
-0.000405077
0.00145861
0.00245742
0.00298238
0.00323271
0.00327914
0.00316537
0.00294427
0.00266063
0.00234132
0.00200182
0.00165436
0.00130582
0.000971392
0.000632999
0.000386021
-4.71947e-05
0.00392621
0.00989642
0.0122028
0.0115469
0.010393
0.00932406
0.00825953
0.00723186
0.00629947
0.00546591
0.00471676
0.00404187
0.00343202
0.00287706
0.00236844
0.0018984
0.00146359
0.00105044
0.000664066
0.000243073
0.00539288
0.0059581
0.00603852
0.00572536
0.00550088
0.00532101
0.00505327
0.00471507
0.00435173
0.00397337
0.00358081
0.00318048
0.00277931
0.00238139
0.00198927
0.00160491
0.00122902
0.000865157
0.000495129
0.000222278
0.00578394
0.00605349
0.00648421
0.00663597
0.00651656
0.00624412
0.00586634
0.00542241
0.00494989
0.00446844
0.00398713
0.0035129
0.00305064
0.00260259
0.00216932
0.0017513
0.00134599
0.000960252
0.00055806
0.000286474
0.00591365
0.00597913
0.00609221
0.00605047
0.00585738
0.0055945
0.00528414
0.00492995
0.00454583
0.00414475
0.0037341
0.00331927
0.00290486
0.00249424
0.00208945
0.00169258
0.00130204
0.000928184
0.000532615
0.000283015
0.0059197
0.00590884
0.00591765
0.00586374
0.00571665
0.00549859
0.00522318
0.00489805
0.00453634
0.00415105
0.00375115
0.00334322
0.0029326
0.00252338
0.00211818
0.00171964
0.00132629
0.000949325
0.000548875
0.000293702
0.00588394
0.00584323
0.005798
0.0057123
0.00555809
0.00534218
0.00507665
0.00476942
0.00442915
0.00406498
0.00368443
0.00329343
0.00289693
0.00249895
0.00210231
0.00171
0.00132085
0.00094662
0.000547583
0.000293653
0.0058474
0.00579527
0.00572507
0.00562243
0.0054671
0.00525883
0.00500488
0.00471139
0.00438492
0.00403304
0.00366282
0.00328022
0.00289021
0.002497
0.00210364
0.00171337
0.00132524
0.0009512
0.000551477
0.000296134
0.00582608
0.00576976
0.00568953
0.00557908
0.00542215
0.005216
0.00496586
0.00467743
0.00435673
0.00401058
0.00364562
0.00326762
0.00288148
0.00249134
0.00210033
0.00171175
0.00132473
0.000951331
0.000551779
0.000296629
0.00582608
0.00576976
0.00568953
0.00557908
0.00542215
0.005216
0.00496586
0.00467743
0.00435673
0.00401059
0.00364562
0.00326762
0.00288148
0.00249134
0.00210033
0.00171175
0.00132473
0.000951331
0.000551779
0.000296629
0.0058474
0.00579527
0.00572507
0.00562243
0.00546711
0.00525883
0.00500489
0.00471139
0.00438492
0.00403304
0.00366282
0.00328022
0.00289021
0.002497
0.00210364
0.00171337
0.00132524
0.000951201
0.000551477
0.000296134
0.00588394
0.00584323
0.005798
0.0057123
0.0055581
0.00534218
0.00507665
0.00476942
0.00442915
0.00406499
0.00368443
0.00329343
0.00289693
0.00249895
0.00210231
0.00171
0.00132085
0.000946621
0.000547583
0.000293653
0.00591971
0.00590885
0.00591765
0.00586374
0.00571666
0.0054986
0.00522318
0.00489805
0.00453634
0.00415105
0.00375115
0.00334322
0.0029326
0.00252338
0.00211818
0.00171964
0.00132629
0.000949326
0.000548874
0.000293702
0.00591366
0.00597914
0.00609221
0.00605048
0.00585739
0.00559451
0.00528415
0.00492996
0.00454583
0.00414476
0.00373411
0.00331927
0.00290486
0.00249424
0.00208945
0.00169258
0.00130204
0.000928184
0.000532613
0.000283014
0.00578395
0.0060535
0.00648422
0.00663598
0.00651656
0.00624412
0.00586635
0.00542241
0.00494989
0.00446844
0.00398714
0.00351291
0.00305064
0.00260259
0.00216932
0.00175129
0.00134599
0.00096025
0.000558056
0.000286473
0.00539289
0.00595811
0.00603853
0.00572537
0.00550089
0.00532101
0.00505328
0.00471508
0.00435173
0.00397338
0.00358082
0.00318049
0.00277931
0.00238139
0.00198926
0.00160491
0.00122902
0.000865153
0.000495124
0.000222277
0.00392622
0.00989643
0.0122028
0.0115469
0.010393
0.00932407
0.00825954
0.00723186
0.00629948
0.00546591
0.00471676
0.00404187
0.00343202
0.00287706
0.00236844
0.00189839
0.00146359
0.00105044
0.000664061
0.000243072
-0.0117466
-0.00814938
-0.00366006
-0.000405068
0.00145862
0.00245743
0.00298239
0.00323272
0.00327915
0.00316538
0.00294428
0.00266064
0.00234132
0.00200182
0.00165436
0.00130582
0.000971386
0.000632994
0.00038602
-4.71959e-05
0.0610924
0.0416225
0.0267658
0.0198759
0.0160335
0.0127487
0.0100669
0.00812925
0.00670835
0.00558192
0.004655
0.00388462
0.00323219
0.00266462
0.00216159
0.00170786
0.00130758
0.000917978
0.000667799
4.44073e-07
0.0608541
0.0413912
0.0265436
0.0196635
0.0158316
0.012558
0.00988858
0.00796468
0.00655888
0.00544871
0.00453912
0.00378701
0.00315356
0.00260529
0.00212137
0.00168578
0.00130153
0.000924165
0.000680281
8.24783e-06
-0.0119818
-0.0083779
-0.00387966
-0.000615287
0.00125776
0.00226652
0.00280237
0.00306457
0.00312377
0.00302359
0.00281683
0.00254818
0.00224434
0.00192052
0.00158863
0.00125509
0.000934557
0.000608758
0.000371388
-4.73792e-05
0.003692
0.00966797
0.0119824
0.0113356
0.0101914
0.00913327
0.00808064
0.00706591
0.00614742
0.00532863
0.00459499
0.0039362
0.00334285
0.00280452
0.00231229
0.00185801
0.00143764
0.00103732
0.000659188
0.00024849
0.00515936
0.00573013
0.00581823
0.00551378
0.00529886
0.00512948
0.00487323
0.00454746
0.00419742
0.00383318
0.00345547
0.00307057
0.00268526
0.00230336
0.00192712
0.00155809
0.00119639
0.000845162
0.000484847
0.000220608
0.00555098
0.00582583
0.00626393
0.00642424
0.00631443
0.00605271
0.00568675
0.00525562
0.0047968
0.00432983
0.00386369
0.00340517
0.00295897
0.00252712
0.00210988
0.0017073
0.00131633
0.000943088
0.000550954
0.000284396
0.00568105
0.00575158
0.00587179
0.00583836
0.00565464
0.00540228
0.00510356
0.004762
0.0043914
0.00400463
0.00360898
0.00320968
0.00281118
0.0024166
0.00202768
0.0016461
0.00126981
0.00090831
0.000523413
0.000278166
0.00568737
0.00568137
0.00569713
0.00565139
0.00551359
0.00530602
0.00504227
0.00472983
0.00438171
0.00401079
0.00362594
0.00323358
0.00283887
0.00244566
0.00205628
0.00167295
0.00129379
0.000929085
0.000539566
0.000288078
0.00565179
0.00561577
0.00557735
0.00549973
0.00535471
0.0051492
0.00489529
0.00460072
0.00427401
0.00392419
0.00355865
0.00318319
0.00280254
0.00242051
0.00203962
0.00166244
0.00128745
0.000925425
0.000537545
0.000287238
0.00561538
0.0055678
0.00550432
0.0054097
0.00526351
0.0050656
0.00482324
0.00454241
0.00422951
0.003892
0.0035368
0.00316972
0.00279557
0.00241827
0.00204063
0.00166545
0.00129143
0.000929583
0.000541132
0.000289381
0.00559411
0.00554228
0.00546874
0.00536627
0.00521844
0.00502262
0.00478406
0.00450829
0.00420117
0.00386937
0.00351943
0.00315695
0.00278664
0.00241241
0.00203709
0.00166357
0.00129065
0.000929434
0.000541216
0.000289685
0.00559411
0.00554229
0.00546874
0.00536627
0.00521844
0.00502263
0.00478406
0.00450829
0.00420117
0.00386938
0.00351943
0.00315695
0.00278664
0.00241241
0.00203709
0.00166357
0.00129065
0.000929434
0.000541216
0.000289685
0.00561538
0.0055678
0.00550433
0.0054097
0.00526351
0.0050656
0.00482325
0.00454241
0.00422951
0.003892
0.0035368
0.00316972
0.00279557
0.00241828
0.00204063
0.00166545
0.00129143
0.000929583
0.000541132
0.000289381
0.0056518
0.00561577
0.00557736
0.00549973
0.00535472
0.0051492
0.00489529
0.00460072
0.00427401
0.00392419
0.00355865
0.00318319
0.00280254
0.00242051
0.00203962
0.00166245
0.00128745
0.000925426
0.000537545
0.000287238
0.00568738
0.00568137
0.00569713
0.0056514
0.0055136
0.00530602
0.00504227
0.00472984
0.00438171
0.0040108
0.00362594
0.00323358
0.00283887
0.00244566
0.00205628
0.00167295
0.00129379
0.000929086
0.000539566
0.000288078
0.00568106
0.00575159
0.00587179
0.00583836
0.00565465
0.00540229
0.00510356
0.00476201
0.0043914
0.00400464
0.00360898
0.00320969
0.00281118
0.0024166
0.00202768
0.0016461
0.00126981
0.000908311
0.000523413
0.000278166
0.00555099
0.00582584
0.00626394
0.00642425
0.00631444
0.00605271
0.00568676
0.00525563
0.0047968
0.00432984
0.00386369
0.00340517
0.00295897
0.00252712
0.00210988
0.0017073
0.00131633
0.000943088
0.000550953
0.000284395
0.00515937
0.00573014
0.00581824
0.00551379
0.00529887
0.00512948
0.00487323
0.00454747
0.00419742
0.00383319
0.00345547
0.00307058
0.00268526
0.00230336
0.00192712
0.00155809
0.00119639
0.00084516
0.000484844
0.000220608
0.00369201
0.00966798
0.0119824
0.0113356
0.0101914
0.00913328
0.00808065
0.00706592
0.00614743
0.00532864
0.004595
0.00393621
0.00334286
0.00280452
0.00231229
0.00185801
0.00143764
0.00103732
0.000659185
0.000248489
-0.0119818
-0.00837789
-0.00387965
-0.000615278
0.00125777
0.00226652
0.00280238
0.00306458
0.00312378
0.0030236
0.00281684
0.00254819
0.00224434
0.00192053
0.00158863
0.00125509
0.000934554
0.000608754
0.000371386
-4.73806e-05
0.0608541
0.0413912
0.0265436
0.0196635
0.0158316
0.012558
0.00988858
0.00796469
0.00655889
0.00544872
0.00453913
0.00378702
0.00315356
0.00260529
0.00212138
0.00168578
0.00130153
0.000924162
0.000680279
8.24651e-06
0.0607045
0.041248
0.0264079
0.0195349
0.0157105
0.0124451
0.00978458
0.00787028
0.00647469
0.00537525
0.00447677
0.00373603
0.00311398
0.00257684
0.00210339
0.00167708
0.00130034
0.000927919
0.000685937
1.06839e-05
-0.0121289
-0.00851893
-0.00401351
-0.000742154
0.00113789
0.00215424
0.00269839
0.00296947
0.00303801
0.00294755
0.00275077
0.00249222
0.0021984
0.00188428
0.00156144
0.00123597
0.000922139
0.000601524
0.000367206
-4.6784e-05
0.00354566
0.00952714
0.0118482
0.0112082
0.0100712
0.00902096
0.0079769
0.00697134
0.00606251
0.00525378
0.00453047
0.00388212
0.00329911
0.00277076
0.00228785
0.00184189
0.00142838
0.00103334
0.0006578
0.000250645
0.00501368
0.00558994
0.00568457
0.00538683
0.00517912
0.00501761
0.00476987
0.00445314
0.00411259
0.00375821
0.00339058
0.00301584
0.00264057
0.00226835
0.00190113
0.00154016
0.00118516
0.000839114
0.000481915
0.000220205
0.00540565
0.00568588
0.00613039
0.00629734
0.00619477
0.00594101
0.00558367
0.0051617
0.00471249
0.0042555
0.00379955
0.00335127
0.00291519
0.00249309
0.00208494
0.00169048
0.00130632
0.000938269
0.000549438
0.000283868
0.00553592
0.00561175
0.00573828
0.00571143
0.00553492
0.00529048
0.00500033
0.00466787
0.0043068
0.0039299
0.00354433
0.00315517
0.00276665
0.00238169
0.00200175
0.0016282
0.00125868
0.000902323
0.000521029
0.000276479
0.00554235
0.00554159
0.00556361
0.00552443
0.00539382
0.00519419
0.00493904
0.00463573
0.00429717
0.00393613
0.00356134
0.00317909
0.00279432
0.00241068
0.00203023
0.00165489
0.0012825
0.000922934
0.000537175
0.000286117
0.00550684
0.00547599
0.0054438
0.0053727
0.00523486
0.00503728
0.00479196
0.00450652
0.00418934
0.00384937
0.00349386
0.00312845
0.00275769
0.00238516
0.00201314
0.0016439
0.00127565
0.000918787
0.000534807
0.000284937
0.00547045
0.00542801
0.00537073
0.00528262
0.00514359
0.00495362
0.00471986
0.00444816
0.0041448
0.00381713
0.00347194
0.0031149
0.0027506
0.00238278
0.00201396
0.00164669
0.00127942
0.000922745
0.00053827
0.000286951
0.00544919
0.00540248
0.00533512
0.00523915
0.00509849
0.0049106
0.00468064
0.004414
0.00411641
0.00379446
0.00345452
0.00310206
0.00274159
0.00237681
0.00201029
0.00164467
0.00127849
0.000922458
0.000538256
0.000287172
0.00544919
0.00540248
0.00533512
0.00523915
0.00509849
0.0049106
0.00468064
0.004414
0.00411641
0.00379446
0.00345452
0.00310206
0.00274159
0.00237681
0.00201029
0.00164467
0.00127849
0.000922458
0.000538257
0.000287172
0.00547045
0.00542801
0.00537073
0.00528262
0.00514359
0.00495362
0.00471987
0.00444816
0.0041448
0.00381713
0.00347195
0.0031149
0.0027506
0.00238278
0.00201396
0.00164669
0.00127942
0.000922746
0.000538271
0.000286951
0.00550684
0.00547599
0.0054438
0.0053727
0.00523486
0.00503728
0.00479197
0.00450652
0.00418934
0.00384937
0.00349386
0.00312845
0.00275769
0.00238516
0.00201314
0.0016439
0.00127565
0.000918788
0.000534808
0.000284937
0.00554236
0.00554159
0.00556362
0.00552443
0.00539382
0.0051942
0.00493904
0.00463574
0.00429717
0.00393613
0.00356135
0.00317909
0.00279433
0.00241068
0.00203023
0.00165489
0.0012825
0.000922935
0.000537176
0.000286118
0.00553592
0.00561176
0.00573829
0.00571143
0.00553492
0.00529049
0.00500034
0.00466788
0.00430681
0.00392991
0.00354433
0.00315517
0.00276665
0.00238169
0.00200175
0.0016282
0.00125868
0.000902325
0.00052103
0.000276479
0.00540566
0.00568588
0.00613039
0.00629734
0.00619478
0.00594102
0.00558367
0.00516171
0.0047125
0.0042555
0.00379955
0.00335128
0.0029152
0.00249309
0.00208494
0.00169049
0.00130632
0.000938269
0.000549438
0.000283868
0.00501369
0.00558995
0.00568458
0.00538684
0.00517913
0.00501762
0.00476987
0.00445315
0.0041126
0.00375821
0.00339058
0.00301585
0.00264057
0.00226835
0.00190113
0.00154016
0.00118516
0.000839113
0.000481915
0.000220204
0.00354567
0.00952715
0.0118482
0.0112082
0.0100712
0.00902097
0.00797691
0.00697134
0.00606252
0.00525379
0.00453048
0.00388213
0.00329912
0.00277076
0.00228785
0.00184189
0.00142837
0.00103334
0.000657798
0.000250645
-0.0121289
-0.00851892
-0.00401351
-0.000742146
0.0011379
0.00215425
0.0026984
0.00296948
0.00303802
0.00294756
0.00275078
0.00249223
0.00219841
0.00188428
0.00156144
0.00123597
0.000922138
0.000601521
0.000367203
-4.67855e-05
0.0607045
0.041248
0.0264079
0.0195349
0.0157105
0.0124452
0.00978459
0.00787029
0.0064747
0.00537526
0.00447678
0.00373604
0.00311398
0.00257684
0.00210339
0.00167708
0.00130033
0.000927915
0.000685935
1.06825e-05
0.0606328
0.04118
0.026344
0.0194747
0.0156543
0.0123933
0.0097374
0.00782802
0.00643758
0.00534344
0.00445036
0.00371501
0.00309821
0.00256603
0.00209703
0.00167444
0.00130044
0.000929569
0.000687939
1.13069e-05
-0.0121991
-0.00858568
-0.00407635
-0.000801299
0.00108245
0.00210285
0.00265139
0.00292712
0.00300051
0.00291501
0.00272324
0.00246965
0.00218061
0.00187094
0.00155207
0.00122992
0.000918586
0.000599646
0.000366079
-4.6534e-05
0.00347581
0.00946048
0.0117852
0.0111488
0.0100157
0.00896955
0.00792997
0.00692914
0.00602524
0.00522155
0.00450333
0.00386002
0.00328186
0.00275804
0.00227916
0.00183658
0.00142562
0.00103232
0.0006574
0.000251289
0.00494425
0.00552373
0.00562201
0.00532785
0.00512397
0.00496662
0.00472333
0.00441129
0.0040756
0.00372619
0.00336356
0.00299376
0.00262322
0.00225541
0.00189212
0.00153444
0.00118194
0.000837584
0.000481165
0.000220058
0.00533642
0.00561984
0.00606794
0.00623846
0.00613973
0.00589016
0.0055373
0.00512005
0.00467573
0.00422373
0.0037728
0.00332948
0.00289817
0.0024805
0.0020763
0.00168518
0.00130357
0.000937234
0.00054924
0.000283694
0.0054668
0.00554582
0.00567593
0.00565264
0.00547997
0.00523973
0.00495405
0.00462628
0.00427006
0.00389812
0.00351752
0.00313325
0.00274944
0.00236886
0.00199283
0.00162258
0.0012556
0.000900956
0.000520593
0.000275918
0.0054733
0.0054757
0.00550131
0.00546568
0.00533892
0.0051435
0.00489284
0.00459423
0.00426052
0.00390443
0.00353461
0.00315723
0.00277715
0.00239787
0.00202131
0.00164925
0.00127941
0.000921562
0.000536783
0.000285483
0.00543781
0.00541012
0.00538151
0.00531397
0.00517998
0.00498662
0.00474579
0.00446504
0.00415272
0.00381768
0.0034671
0.00310654
0.00274043
0.00237222
0.00200407
0.00163809
0.0012724
0.00091726
0.000534306
0.000284185
0.00540143
0.00536215
0.00530845
0.00522389
0.00508872
0.00490297
0.00467371
0.00440671
0.0041082
0.00378545
0.0034452
0.00309299
0.00273332
0.00236981
0.00200484
0.00164083
0.00127612
0.00092117
0.000537744
0.000286162
0.00538018
0.00533662
0.00527283
0.00518043
0.00504362
0.00485996
0.0046345
0.00437256
0.00407982
0.00376279
0.00342777
0.00308014
0.00272429
0.0023638
0.00200113
0.00163877
0.00127514
0.000920842
0.000537702
0.000286356
0.00538018
0.00533662
0.00527283
0.00518043
0.00504362
0.00485996
0.0046345
0.00437257
0.00407982
0.00376279
0.00342777
0.00308014
0.00272429
0.0023638
0.00200113
0.00163877
0.00127514
0.000920842
0.000537702
0.000286356
0.00540143
0.00536215
0.00530845
0.00522389
0.00508873
0.00490297
0.00467372
0.00440671
0.0041082
0.00378546
0.0034452
0.00309299
0.00273332
0.00236981
0.00200484
0.00164083
0.00127612
0.00092117
0.000537745
0.000286162
0.00543781
0.00541013
0.00538152
0.00531397
0.00517998
0.00498662
0.0047458
0.00446505
0.00415272
0.00381768
0.00346711
0.00310654
0.00274043
0.00237223
0.00200407
0.0016381
0.0012724
0.000917261
0.000534307
0.000284186
0.0054733
0.00547571
0.00550132
0.00546568
0.00533892
0.00514351
0.00489284
0.00459424
0.00426053
0.00390444
0.00353461
0.00315723
0.00277715
0.00239787
0.00202131
0.00164925
0.00127941
0.000921563
0.000536784
0.000285484
0.00546681
0.00554582
0.00567594
0.00565264
0.00547997
0.00523973
0.00495405
0.00462629
0.00427007
0.00389812
0.00351752
0.00313325
0.00274944
0.00236886
0.00199283
0.00162258
0.0012556
0.000900957
0.000520593
0.000275918
0.00533643
0.00561984
0.00606795
0.00623846
0.00613974
0.00589017
0.00553731
0.00512006
0.00467574
0.00422374
0.00377281
0.00332949
0.00289817
0.0024805
0.00207631
0.00168518
0.00130358
0.000937234
0.00054924
0.000283694
0.00494426
0.00552374
0.00562202
0.00532786
0.00512398
0.00496663
0.00472333
0.00441129
0.0040756
0.00372619
0.00336356
0.00299376
0.00262322
0.00225541
0.00189212
0.00153444
0.00118194
0.000837584
0.000481165
0.000220058
0.00347582
0.00946048
0.0117852
0.0111488
0.0100157
0.00896956
0.00792998
0.00692915
0.00602524
0.00522155
0.00450334
0.00386002
0.00328187
0.00275804
0.00227917
0.00183658
0.00142562
0.00103232
0.000657399
0.000251289
-0.0121991
-0.00858567
-0.00407635
-0.000801292
0.00108245
0.00210285
0.0026514
0.00292713
0.00300052
0.00291502
0.00272325
0.00246965
0.00218061
0.00187095
0.00155207
0.00122992
0.000918586
0.000599645
0.000366077
-4.65356e-05
0.0606328
0.04118
0.026344
0.0194747
0.0156543
0.0123933
0.00973741
0.00782803
0.00643758
0.00534345
0.00445037
0.00371502
0.00309822
0.00256604
0.00209703
0.00167444
0.00130044
0.000929566
0.000687936
1.13055e-05
0.0606328
0.04118
0.026344
0.0194747
0.0156543
0.0123933
0.0097374
0.00782802
0.00643758
0.00534344
0.00445036
0.00371502
0.00309822
0.00256603
0.00209703
0.00167444
0.00130044
0.000929568
0.000687938
1.13065e-05
-0.0121991
-0.00858568
-0.00407635
-0.000801298
0.00108245
0.00210285
0.00265139
0.00292712
0.00300051
0.00291501
0.00272324
0.00246965
0.00218061
0.00187094
0.00155207
0.00122992
0.000918586
0.000599645
0.000366079
-4.65344e-05
0.00347581
0.00946048
0.0117852
0.0111488
0.0100157
0.00896955
0.00792997
0.00692914
0.00602524
0.00522155
0.00450333
0.00386002
0.00328186
0.00275804
0.00227916
0.00183658
0.00142562
0.00103232
0.000657399
0.000251289
0.00494425
0.00552373
0.00562202
0.00532786
0.00512397
0.00496662
0.00472333
0.00441129
0.0040756
0.00372619
0.00336356
0.00299376
0.00262322
0.00225541
0.00189212
0.00153444
0.00118194
0.000837584
0.000481165
0.000220058
0.00533642
0.00561984
0.00606795
0.00623846
0.00613973
0.00589016
0.0055373
0.00512005
0.00467573
0.00422373
0.0037728
0.00332948
0.00289817
0.0024805
0.0020763
0.00168518
0.00130357
0.000937234
0.00054924
0.000283694
0.0054668
0.00554582
0.00567594
0.00565264
0.00547997
0.00523973
0.00495405
0.00462628
0.00427006
0.00389812
0.00351752
0.00313325
0.00274944
0.00236886
0.00199283
0.00162258
0.0012556
0.000900956
0.000520593
0.000275918
0.0054733
0.0054757
0.00550131
0.00546568
0.00533892
0.0051435
0.00489284
0.00459423
0.00426052
0.00390443
0.00353461
0.00315723
0.00277715
0.00239787
0.00202131
0.00164925
0.00127941
0.000921562
0.000536783
0.000285484
0.00543781
0.00541012
0.00538151
0.00531397
0.00517998
0.00498662
0.00474579
0.00446504
0.00415272
0.00381768
0.0034671
0.00310654
0.00274043
0.00237223
0.00200407
0.0016381
0.0012724
0.000917261
0.000534306
0.000284186
0.00540143
0.00536215
0.00530845
0.00522389
0.00508872
0.00490297
0.00467371
0.00440671
0.0041082
0.00378545
0.0034452
0.00309299
0.00273332
0.00236981
0.00200484
0.00164083
0.00127612
0.00092117
0.000537744
0.000286162
0.00538018
0.00533662
0.00527283
0.00518043
0.00504362
0.00485996
0.0046345
0.00437256
0.00407982
0.00376279
0.00342777
0.00308014
0.00272429
0.00236381
0.00200113
0.00163877
0.00127514
0.000920842
0.000537702
0.000286356
0.00538018
0.00533662
0.00527283
0.00518043
0.00504362
0.00485996
0.0046345
0.00437257
0.00407982
0.00376279
0.00342777
0.00308014
0.00272429
0.00236381
0.00200113
0.00163877
0.00127514
0.000920842
0.000537702
0.000286356
0.00540143
0.00536215
0.00530845
0.00522389
0.00508873
0.00490297
0.00467372
0.00440671
0.0041082
0.00378546
0.0034452
0.00309299
0.00273332
0.00236981
0.00200484
0.00164083
0.00127612
0.00092117
0.000537744
0.000286162
0.00543781
0.00541013
0.00538152
0.00531397
0.00517998
0.00498662
0.0047458
0.00446505
0.00415272
0.00381768
0.00346711
0.00310654
0.00274043
0.00237223
0.00200407
0.0016381
0.0012724
0.000917261
0.000534306
0.000284185
0.0054733
0.00547571
0.00550132
0.00546569
0.00533893
0.00514351
0.00489284
0.00459424
0.00426053
0.00390444
0.00353461
0.00315723
0.00277715
0.00239787
0.00202131
0.00164925
0.00127941
0.000921562
0.000536783
0.000285484
0.00546681
0.00554583
0.00567594
0.00565264
0.00547997
0.00523973
0.00495405
0.00462629
0.00427007
0.00389812
0.00351752
0.00313325
0.00274944
0.00236886
0.00199283
0.00162258
0.0012556
0.000900957
0.000520593
0.000275918
0.00533643
0.00561984
0.00606795
0.00623846
0.00613974
0.00589017
0.00553731
0.00512006
0.00467574
0.00422374
0.00377281
0.00332949
0.00289817
0.0024805
0.00207631
0.00168518
0.00130357
0.000937234
0.00054924
0.000283694
0.00494426
0.00552374
0.00562202
0.00532786
0.00512398
0.00496663
0.00472334
0.00441129
0.0040756
0.00372619
0.00336356
0.00299376
0.00262322
0.00225541
0.00189212
0.00153444
0.00118194
0.000837584
0.000481165
0.000220057
0.00347582
0.00946048
0.0117852
0.0111488
0.0100157
0.00896956
0.00792998
0.00692915
0.00602524
0.00522155
0.00450334
0.00386002
0.00328187
0.00275804
0.00227917
0.00183658
0.00142562
0.00103232
0.000657399
0.000251289
-0.0121991
-0.00858567
-0.00407635
-0.000801292
0.00108245
0.00210285
0.0026514
0.00292713
0.00300052
0.00291502
0.00272325
0.00246965
0.00218061
0.00187095
0.00155207
0.00122992
0.000918586
0.000599644
0.000366076
-4.65359e-05
0.0606328
0.04118
0.026344
0.0194747
0.0156543
0.0123933
0.00973741
0.00782803
0.00643758
0.00534345
0.00445037
0.00371502
0.00309822
0.00256604
0.00209703
0.00167444
0.00130044
0.000929566
0.000687936
1.13055e-05
0.0607045
0.041248
0.0264079
0.0195349
0.0157105
0.0124451
0.00978458
0.00787028
0.00647469
0.00537525
0.00447678
0.00373604
0.00311398
0.00257684
0.00210339
0.00167708
0.00130033
0.000927916
0.000685936
1.06833e-05
-0.0121289
-0.00851893
-0.00401351
-0.000742151
0.00113789
0.00215424
0.00269839
0.00296947
0.00303801
0.00294755
0.00275077
0.00249223
0.00219841
0.00188428
0.00156144
0.00123597
0.000922138
0.000601522
0.000367204
-4.6785e-05
0.00354567
0.00952714
0.0118482
0.0112082
0.0100712
0.00902096
0.0079769
0.00697134
0.00606251
0.00525378
0.00453047
0.00388213
0.00329911
0.00277076
0.00228785
0.00184188
0.00142837
0.00103334
0.000657798
0.000250645
0.00501368
0.00558994
0.00568458
0.00538683
0.00517912
0.00501761
0.00476987
0.00445314
0.00411259
0.00375821
0.00339058
0.00301585
0.00264057
0.00226835
0.00190113
0.00154016
0.00118516
0.000839113
0.000481915
0.000220204
0.00540565
0.00568588
0.00613039
0.00629734
0.00619477
0.00594101
0.00558367
0.0051617
0.00471249
0.0042555
0.00379955
0.00335127
0.0029152
0.00249309
0.00208494
0.00169049
0.00130632
0.000938269
0.000549438
0.000283868
0.00553592
0.00561176
0.00573828
0.00571143
0.00553492
0.00529048
0.00500033
0.00466787
0.0043068
0.0039299
0.00354433
0.00315517
0.00276665
0.00238169
0.00200175
0.0016282
0.00125868
0.000902324
0.00052103
0.000276479
0.00554236
0.00554159
0.00556362
0.00552443
0.00539382
0.00519419
0.00493904
0.00463573
0.00429717
0.00393613
0.00356134
0.00317909
0.00279433
0.00241069
0.00203024
0.00165489
0.0012825
0.000922935
0.000537176
0.000286118
0.00550684
0.00547599
0.0054438
0.0053727
0.00523486
0.00503728
0.00479196
0.00450652
0.00418934
0.00384937
0.00349386
0.00312845
0.00275769
0.00238516
0.00201314
0.0016439
0.00127565
0.000918788
0.000534808
0.000284937
0.00547045
0.00542801
0.00537073
0.00528262
0.00514359
0.00495362
0.00471986
0.00444816
0.0041448
0.00381713
0.00347195
0.0031149
0.0027506
0.00238278
0.00201396
0.00164669
0.00127942
0.000922746
0.000538271
0.000286951
0.0054492
0.00540248
0.00533512
0.00523915
0.00509849
0.0049106
0.00468064
0.004414
0.00411641
0.00379446
0.00345452
0.00310206
0.00274159
0.00237681
0.00201029
0.00164468
0.0012785
0.000922459
0.000538257
0.000287173
0.0054492
0.00540248
0.00533512
0.00523916
0.00509849
0.0049106
0.00468064
0.004414
0.00411641
0.00379446
0.00345452
0.00310206
0.00274159
0.00237681
0.00201029
0.00164468
0.0012785
0.000922459
0.000538257
0.000287173
0.00547045
0.00542801
0.00537074
0.00528262
0.00514359
0.00495362
0.00471987
0.00444816
0.0041448
0.00381713
0.00347195
0.0031149
0.0027506
0.00238278
0.00201396
0.00164669
0.00127942
0.000922746
0.000538271
0.000286951
0.00550684
0.00547599
0.00544381
0.0053727
0.00523486
0.00503728
0.00479197
0.00450652
0.00418934
0.00384938
0.00349386
0.00312845
0.00275769
0.00238516
0.00201314
0.0016439
0.00127565
0.000918787
0.000534807
0.000284937
0.00554236
0.00554159
0.00556362
0.00552443
0.00539382
0.0051942
0.00493904
0.00463574
0.00429717
0.00393613
0.00356135
0.00317909
0.00279433
0.00241069
0.00203024
0.00165489
0.0012825
0.000922934
0.000537175
0.000286118
0.00553593
0.00561176
0.00573829
0.00571143
0.00553493
0.00529049
0.00500034
0.00466788
0.00430681
0.00392991
0.00354433
0.00315517
0.00276666
0.00238169
0.00200175
0.0016282
0.00125868
0.000902324
0.000521029
0.000276479
0.00540566
0.00568589
0.0061304
0.00629734
0.00619478
0.00594102
0.00558367
0.00516171
0.0047125
0.0042555
0.00379955
0.00335128
0.0029152
0.00249309
0.00208494
0.00169049
0.00130632
0.000938268
0.000549438
0.000283868
0.00501369
0.00558995
0.00568458
0.00538684
0.00517913
0.00501762
0.00476987
0.00445315
0.0041126
0.00375822
0.00339058
0.00301585
0.00264057
0.00226835
0.00190113
0.00154016
0.00118516
0.000839113
0.000481914
0.000220204
0.00354568
0.00952715
0.0118482
0.0112082
0.0100712
0.00902097
0.00797691
0.00697134
0.00606252
0.00525379
0.00453048
0.00388213
0.00329912
0.00277076
0.00228785
0.00184189
0.00142837
0.00103334
0.000657798
0.000250644
-0.0121289
-0.00851892
-0.0040135
-0.000742145
0.0011379
0.00215425
0.0026984
0.00296948
0.00303802
0.00294756
0.00275078
0.00249223
0.00219841
0.00188429
0.00156144
0.00123597
0.000922138
0.000601521
0.000367202
-4.6786e-05
0.0607045
0.041248
0.0264079
0.0195349
0.0157105
0.0124452
0.00978459
0.00787029
0.0064747
0.00537526
0.00447678
0.00373604
0.00311398
0.00257684
0.00210339
0.00167708
0.00130033
0.000927915
0.000685935
1.06828e-05
0.0608541
0.0413912
0.0265436
0.0196635
0.0158316
0.012558
0.00988858
0.00796468
0.00655888
0.00544871
0.00453912
0.00378702
0.00315356
0.00260529
0.00212138
0.00168578
0.00130153
0.000924163
0.000680282
8.24796e-06
-0.0119818
-0.00837789
-0.00387965
-0.000615283
0.00125776
0.00226652
0.00280237
0.00306457
0.00312377
0.00302359
0.00281683
0.00254819
0.00224434
0.00192053
0.00158863
0.00125509
0.000934556
0.000608756
0.000371387
-4.73804e-05
0.003692
0.00966798
0.0119824
0.0113356
0.0101914
0.00913327
0.00808064
0.00706591
0.00614742
0.00532863
0.00459499
0.00393621
0.00334286
0.00280452
0.00231229
0.00185801
0.00143764
0.00103732
0.000659187
0.00024849
0.00515936
0.00573014
0.00581823
0.00551378
0.00529886
0.00512948
0.00487323
0.00454746
0.00419742
0.00383318
0.00345547
0.00307058
0.00268526
0.00230336
0.00192712
0.00155809
0.00119639
0.000845161
0.000484846
0.000220608
0.00555098
0.00582583
0.00626394
0.00642424
0.00631443
0.00605271
0.00568675
0.00525562
0.0047968
0.00432983
0.00386369
0.00340517
0.00295897
0.00252712
0.00210988
0.0017073
0.00131633
0.000943089
0.000550954
0.000284396
0.00568105
0.00575159
0.00587179
0.00583836
0.00565465
0.00540228
0.00510356
0.004762
0.0043914
0.00400463
0.00360898
0.00320969
0.00281118
0.0024166
0.00202768
0.00164611
0.00126981
0.000908313
0.000523415
0.000278166
0.00568737
0.00568137
0.00569713
0.00565139
0.00551359
0.00530602
0.00504227
0.00472983
0.00438171
0.00401079
0.00362594
0.00323358
0.00283887
0.00244566
0.00205628
0.00167295
0.0012938
0.000929088
0.000539567
0.000288079
0.0056518
0.00561577
0.00557736
0.00549973
0.00535471
0.0051492
0.00489528
0.00460072
0.00427401
0.00392419
0.00355865
0.00318319
0.00280255
0.00242051
0.00203963
0.00166245
0.00128745
0.000925427
0.000537547
0.000287239
0.00561538
0.00556781
0.00550433
0.0054097
0.00526351
0.0050656
0.00482324
0.00454241
0.00422951
0.003892
0.0035368
0.00316972
0.00279557
0.00241828
0.00204063
0.00166545
0.00129143
0.000929585
0.000541133
0.000289382
0.00559412
0.00554229
0.00546874
0.00536627
0.00521844
0.00502262
0.00478406
0.00450829
0.00420117
0.00386938
0.00351943
0.00315696
0.00278665
0.00241242
0.00203709
0.00166358
0.00129065
0.000929436
0.000541218
0.000289686
0.00559412
0.00554229
0.00546874
0.00536627
0.00521844
0.00502263
0.00478406
0.00450829
0.00420117
0.00386938
0.00351943
0.00315696
0.00278665
0.00241242
0.00203709
0.00166358
0.00129065
0.000929436
0.000541217
0.000289686
0.00561538
0.00556781
0.00550433
0.0054097
0.00526351
0.0050656
0.00482325
0.00454241
0.00422952
0.003892
0.0035368
0.00316972
0.00279557
0.00241828
0.00204063
0.00166545
0.00129143
0.000929584
0.000541133
0.000289382
0.0056518
0.00561578
0.00557736
0.00549973
0.00535472
0.0051492
0.00489529
0.00460072
0.00427401
0.00392419
0.00355865
0.00318319
0.00280255
0.00242051
0.00203963
0.00166245
0.00128745
0.000925426
0.000537546
0.000287238
0.00568738
0.00568138
0.00569713
0.0056514
0.0055136
0.00530603
0.00504227
0.00472984
0.00438171
0.0040108
0.00362594
0.00323358
0.00283887
0.00244566
0.00205628
0.00167295
0.0012938
0.000929086
0.000539566
0.000288078
0.00568106
0.00575159
0.0058718
0.00583836
0.00565465
0.00540229
0.00510356
0.00476201
0.00439141
0.00400464
0.00360898
0.00320969
0.00281118
0.0024166
0.00202768
0.00164611
0.00126981
0.000908311
0.000523413
0.000278166
0.00555099
0.00582584
0.00626394
0.00642425
0.00631444
0.00605271
0.00568676
0.00525563
0.0047968
0.00432984
0.0038637
0.00340517
0.00295897
0.00252712
0.00210988
0.0017073
0.00131633
0.000943089
0.000550953
0.000284395
0.00515937
0.00573015
0.00581824
0.00551379
0.00529887
0.00512948
0.00487323
0.00454747
0.00419742
0.00383319
0.00345547
0.00307058
0.00268526
0.00230336
0.00192712
0.00155809
0.00119639
0.000845161
0.000484845
0.000220607
0.00369201
0.00966798
0.0119824
0.0113356
0.0101914
0.00913328
0.00808065
0.00706592
0.00614743
0.00532864
0.004595
0.00393621
0.00334286
0.00280452
0.00231229
0.00185802
0.00143764
0.00103732
0.000659186
0.00024849
-0.0119818
-0.00837789
-0.00387965
-0.000615277
0.00125777
0.00226653
0.00280238
0.00306458
0.00312378
0.0030236
0.00281684
0.00254819
0.00224435
0.00192053
0.00158863
0.00125509
0.000934556
0.000608755
0.000371385
-4.73802e-05
0.0608541
0.0413912
0.0265436
0.0196635
0.0158316
0.012558
0.00988858
0.00796469
0.00655889
0.00544872
0.00453913
0.00378702
0.00315356
0.00260529
0.00212138
0.00168578
0.00130153
0.000924162
0.000680281
8.24803e-06
0.0610924
0.0416225
0.0267658
0.0198759
0.0160335
0.0127487
0.0100669
0.00812924
0.00670834
0.00558191
0.00465499
0.00388462
0.00323219
0.00266462
0.00216159
0.00170786
0.00130758
0.000917981
0.000667803
4.46332e-07
-0.0117467
-0.00814938
-0.00366006
-0.000405073
0.00145862
0.00245742
0.00298238
0.00323271
0.00327914
0.00316537
0.00294428
0.00266063
0.00234132
0.00200182
0.00165437
0.00130582
0.000971391
0.000632999
0.000386021
-4.71959e-05
0.00392622
0.00989643
0.0122028
0.0115469
0.010393
0.00932406
0.00825953
0.00723185
0.00629947
0.0054659
0.00471676
0.00404187
0.00343202
0.00287706
0.00236844
0.0018984
0.00146359
0.00105044
0.000664066
0.000243073
0.00539288
0.0059581
0.00603853
0.00572537
0.00550089
0.00532101
0.00505327
0.00471507
0.00435173
0.00397337
0.00358081
0.00318048
0.00277931
0.00238139
0.00198927
0.00160491
0.00122902
0.000865157
0.000495128
0.000222278
0.00578395
0.0060535
0.00648422
0.00663597
0.00651656
0.00624412
0.00586634
0.00542241
0.00494989
0.00446844
0.00398713
0.0035129
0.00305064
0.00260259
0.00216932
0.0017513
0.00134599
0.000960254
0.00055806
0.000286474
0.00591366
0.00597914
0.00609221
0.00605047
0.00585738
0.0055945
0.00528414
0.00492995
0.00454583
0.00414475
0.00373411
0.00331927
0.00290486
0.00249425
0.00208945
0.00169259
0.00130204
0.000928188
0.000532617
0.000283015
0.0059197
0.00590885
0.00591765
0.00586374
0.00571665
0.00549859
0.00522318
0.00489805
0.00453634
0.00415105
0.00375115
0.00334322
0.0029326
0.00252338
0.00211819
0.00171964
0.00132629
0.000949329
0.000548877
0.000293703
0.00588394
0.00584323
0.005798
0.0057123
0.0055581
0.00534218
0.00507665
0.00476942
0.00442915
0.00406498
0.00368443
0.00329344
0.00289694
0.00249895
0.00210232
0.00171
0.00132086
0.000946624
0.000547586
0.000293654
0.0058474
0.00579527
0.00572507
0.00562243
0.0054671
0.00525883
0.00500488
0.00471139
0.00438492
0.00403305
0.00366283
0.00328022
0.00289022
0.002497
0.00210365
0.00171338
0.00132524
0.000951204
0.00055148
0.000296135
0.00582608
0.00576976
0.00568954
0.00557908
0.00542215
0.005216
0.00496586
0.00467743
0.00435673
0.00401059
0.00364563
0.00326763
0.00288148
0.00249135
0.00210034
0.00171176
0.00132474
0.000951333
0.000551782
0.00029663
0.00582608
0.00576976
0.00568954
0.00557908
0.00542215
0.005216
0.00496586
0.00467743
0.00435673
0.00401059
0.00364563
0.00326763
0.00288148
0.00249135
0.00210034
0.00171176
0.00132474
0.000951333
0.000551781
0.00029663
0.0058474
0.00579527
0.00572507
0.00562243
0.00546711
0.00525883
0.00500489
0.00471139
0.00438492
0.00403305
0.00366283
0.00328022
0.00289022
0.002497
0.00210364
0.00171337
0.00132524
0.000951202
0.000551479
0.000296134
0.00588394
0.00584324
0.00579801
0.00571231
0.0055581
0.00534218
0.00507666
0.00476942
0.00442915
0.00406499
0.00368443
0.00329344
0.00289694
0.00249895
0.00210232
0.00171
0.00132086
0.000946622
0.000547584
0.000293653
0.00591971
0.00590885
0.00591766
0.00586375
0.00571666
0.0054986
0.00522318
0.00489805
0.00453634
0.00415105
0.00375116
0.00334322
0.0029326
0.00252338
0.00211819
0.00171964
0.00132629
0.000949327
0.000548876
0.000293702
0.00591366
0.00597914
0.00609222
0.00605048
0.00585739
0.00559451
0.00528415
0.00492996
0.00454584
0.00414476
0.00373411
0.00331928
0.00290486
0.00249425
0.00208945
0.00169258
0.00130204
0.000928186
0.000532615
0.000283015
0.00578396
0.0060535
0.00648422
0.00663598
0.00651657
0.00624412
0.00586635
0.00542241
0.00494989
0.00446845
0.00398714
0.00351291
0.00305064
0.00260259
0.00216932
0.0017513
0.00134599
0.000960253
0.000558059
0.000286474
0.00539289
0.00595811
0.00603853
0.00572537
0.00550089
0.00532101
0.00505328
0.00471508
0.00435173
0.00397338
0.00358082
0.00318049
0.00277932
0.00238139
0.00198927
0.00160491
0.00122902
0.000865157
0.000495127
0.000222277
0.00392622
0.00989643
0.0122028
0.0115469
0.010393
0.00932407
0.00825954
0.00723186
0.00629948
0.00546591
0.00471676
0.00404187
0.00343203
0.00287707
0.00236844
0.0018984
0.00146359
0.00105044
0.000664065
0.000243074
-0.0117466
-0.00814937
-0.00366005
-0.000405066
0.00145862
0.00245743
0.00298239
0.00323272
0.00327915
0.00316538
0.00294428
0.00266064
0.00234132
0.00200182
0.00165437
0.00130582
0.00097139
0.000632997
0.00038602
-4.71943e-05
0.0610924
0.0416225
0.0267658
0.0198759
0.0160335
0.0127487
0.0100669
0.00812925
0.00670835
0.00558192
0.004655
0.00388462
0.0032322
0.00266462
0.0021616
0.00170786
0.00130758
0.00091798
0.000667803
4.46499e-07
0.0614311
0.0419584
0.0270936
0.0201918
0.0163362
0.0130378
0.0103408
0.00838572
0.00694499
0.00579658
0.00484567
0.00404937
0.00336921
0.00277242
0.00223924
0.00175529
0.00132644
0.000912289
0.000647725
-1.98017e-05
-0.011411
-0.00781759
-0.00333606
-9.10185e-05
0.0017629
0.00275187
0.00326607
0.00350428
0.00353717
0.00340845
0.003171
0.00286956
0.00253105
0.00217105
0.00180194
0.00143064
0.00107258
0.000708767
0.000436744
-3.69157e-05
0.00426007
0.010228
0.012528
0.0118624
0.0106971
0.00961542
0.00853667
0.0074933
0.00654384
0.00569194
0.00492323
0.00422762
0.00359595
0.0030181
0.00248563
0.00199085
0.00153089
0.00109181
0.000683978
0.000234964
0.00572598
0.0062896
0.00636463
0.00604314
0.005809
0.00561835
0.00533846
0.00498667
0.00460823
0.00421326
0.00380255
0.00338257
0.0029603
0.00253991
0.00212412
0.00171504
0.00131377
0.000923979
0.0005294
0.000231107
0.0061158
0.00638407
0.00680977
0.00695343
0.00682421
0.00654042
0.00614963
0.0056911
0.00520251
0.00470356
0.00420333
0.00370876
0.00322479
0.00275372
0.00229627
0.00185312
0.00142214
0.00101102
0.00058434
0.000296099
0.00624455
0.00630925
0.00641785
0.00636859
0.00616633
0.0058927
0.0055698
0.00520139
0.0048015
0.00438312
0.00395365
0.00351851
0.00308236
0.00264865
0.00221958
0.00179757
0.00138138
0.000982592
0.000561931
0.000298333
0.00624974
0.00623849
0.00624314
0.00618197
0.00602596
0.00579732
0.00550941
0.00516997
0.00479232
0.00438949
0.00397051
0.00354199
0.00310937
0.00267685
0.00224726
0.0018236
0.00140475
0.00100334
0.000577862
0.000310875
0.00621329
0.00617256
0.00612346
0.00603073
0.00586784
0.00564157
0.0053637
0.00504223
0.00468601
0.00430426
0.00390452
0.00349283
0.00307421
0.00265285
0.00223181
0.00181446
0.0014
0.00100165
0.000577602
0.000312532
0.00617626
0.00612438
0.00605051
0.00594096
0.0057771
0.00555859
0.00529238
0.00498466
0.00464222
0.00427269
0.0038832
0.00347978
0.00306756
0.00265089
0.0022331
0.00181784
0.00140451
0.00100656
0.000581904
0.000315761
0.00615468
0.00609877
0.00601498
0.00589769
0.00573228
0.00551596
0.0052536
0.00495098
0.0046143
0.00425048
0.00386621
0.00346735
0.00305895
0.00264533
0.00222989
0.00181635
0.0014042
0.00100697
0.000582524
0.000316651
0.00615468
0.00609877
0.00601498
0.00589769
0.00573228
0.00551597
0.0052536
0.00495098
0.0046143
0.00425048
0.00386621
0.00346735
0.00305895
0.00264533
0.00222989
0.00181635
0.0014042
0.00100697
0.000582523
0.000316651
0.00617626
0.00612439
0.00605051
0.00594097
0.0057771
0.0055586
0.00529238
0.00498467
0.00464222
0.0042727
0.0038832
0.00347978
0.00306756
0.00265089
0.0022331
0.00181784
0.00140451
0.00100656
0.000581902
0.00031576
0.00621329
0.00617257
0.00612346
0.00603073
0.00586785
0.00564157
0.0053637
0.00504223
0.00468601
0.00430426
0.00390453
0.00349283
0.00307421
0.00265285
0.00223181
0.00181446
0.0014
0.00100164
0.0005776
0.000312531
0.00624975
0.0062385
0.00624314
0.00618197
0.00602596
0.00579733
0.00550942
0.00516998
0.00479232
0.0043895
0.00397051
0.00354199
0.00310937
0.00267685
0.00224726
0.00182359
0.00140475
0.00100334
0.00057786
0.000310875
0.00624456
0.00630926
0.00641786
0.0063686
0.00616634
0.00589271
0.00556981
0.0052014
0.0048015
0.00438312
0.00395366
0.00351851
0.00308236
0.00264865
0.00221958
0.00179757
0.00138138
0.000982589
0.000561929
0.000298332
0.0061158
0.00638408
0.00680978
0.00695344
0.00682421
0.00654043
0.00614964
0.0056911
0.00520252
0.00470356
0.00420333
0.00370876
0.00322479
0.00275372
0.00229627
0.00185312
0.00142214
0.00101102
0.000584338
0.000296097
0.00572599
0.00628961
0.00636464
0.00604315
0.00580901
0.00561835
0.00533847
0.00498667
0.00460824
0.00421327
0.00380256
0.00338257
0.0029603
0.00253991
0.00212412
0.00171504
0.00131377
0.000923979
0.000529398
0.000231106
0.00426008
0.010228
0.012528
0.0118624
0.0106971
0.00961543
0.00853668
0.0074933
0.00654385
0.00569194
0.00492324
0.00422763
0.00359595
0.0030181
0.00248563
0.00199085
0.00153089
0.00109181
0.000683976
0.000234964
-0.011411
-0.00781758
-0.00333605
-9.10115e-05
0.00176291
0.00275188
0.00326608
0.00350429
0.00353718
0.00340846
0.00317101
0.00286957
0.00253105
0.00217105
0.00180194
0.00143064
0.00107257
0.000708763
0.000436744
-3.69132e-05
0.0614311
0.0419584
0.0270936
0.0201918
0.0163362
0.0130378
0.0103408
0.00838573
0.006945
0.00579658
0.00484568
0.00404937
0.00336921
0.00277242
0.00223924
0.00175528
0.00132644
0.000912287
0.000647724
-1.98016e-05
0.0618759
0.0424143
0.0275478
0.0206318
0.0167584
0.0134425
0.0107268
0.00875003
0.00728433
0.00610803
0.00512654
0.00429684
0.00358039
0.00294447
0.00236968
0.00184221
0.0013703
0.000915131
0.000627537
-6.46576e-05
-0.0109676
-0.0073687
-0.00288718
0.000352643
0.00220154
0.00318621
0.00369538
0.00392684
0.00395108
0.00381194
0.00356231
0.00324671
0.00289171
0.00251243
0.00212068
0.00172232
0.00133153
0.000924519
0.000598224
2.13858e-05
0.00469727
0.0106726
0.012973
0.0122994
0.0111222
0.0100266
0.00893238
0.00787238
0.00690547
0.00603533
0.00524753
0.00453172
0.00387827
0.00327652
0.00271731
0.00219183
0.00169634
0.00121363
0.000759812
0.000240008
0.00616204
0.00673474
0.00681296
0.00648873
0.00624975
0.00605271
0.0057643
0.00540154
0.00500958
0.00459853
0.00416927
0.00372832
0.00328262
0.00283615
0.00239125
0.00194928
0.00151057
0.00107656
0.000631757
0.000268158
0.00654864
0.0068257
0.0072542
0.00739462
0.00725968
0.00696799
0.00656662
0.00609493
0.00559079
0.0050739
0.00455333
0.00403601
0.00352677
0.00302776
0.00253942
0.00206197
0.00159284
0.00113903
0.000664584
0.000332652
0.00667499
0.00674927
0.00686145
0.00680978
0.00660277
0.00632219
0.00598951
0.00560849
0.00519336
0.00475713
0.00430715
0.0038488
0.00338669
0.00292417
0.00246326
0.00200617
0.00155142
0.00111086
0.00064282
0.000344535
0.0066778
0.0066767
0.00668523
0.00662181
0.00646134
0.00622607
0.00592847
0.00557625
0.00518291
0.00476159
0.0043213
0.0038687
0.00340923
0.00294708
0.002485
0.00202592
0.00156866
0.00112666
0.000655105
0.00036015
0.00663932
0.00660936
0.00656459
0.00646989
0.00630287
0.00607027
0.00578288
0.00544864
0.0050766
0.00467609
0.0042547
0.00381853
0.00337267
0.00292133
0.00246759
0.00201485
0.00156231
0.00112425
0.000654978
0.000364699
0.00660079
0.00656015
0.00649091
0.00637955
0.00621169
0.00598701
0.00571138
0.00539089
0.00503252
0.00464401
0.00423256
0.00380431
0.0033645
0.00291756
0.00246689
0.00201626
0.0015651
0.00112806
0.000658886
0.000369026
0.00657841
0.00653398
0.006455
0.00633599
0.00616668
0.00594427
0.00567256
0.00535717
0.00500452
0.00462162
0.00421526
0.00379143
0.00335528
0.00291128
0.0024629
0.00201403
0.00156421
0.0011282
0.000659576
0.000370493
0.00657841
0.00653399
0.006455
0.00633599
0.00616668
0.00594427
0.00567256
0.00535717
0.00500452
0.00462162
0.00421526
0.00379143
0.00335528
0.00291128
0.0024629
0.00201403
0.00156421
0.0011282
0.000659575
0.000370492
0.00660079
0.00656015
0.00649091
0.00637956
0.0062117
0.00598702
0.00571139
0.0053909
0.00503252
0.00464401
0.00423256
0.00380431
0.00336449
0.00291755
0.00246688
0.00201625
0.0015651
0.00112806
0.000658885
0.000369025
0.00663932
0.00660937
0.00656459
0.0064699
0.00630288
0.00607027
0.00578289
0.00544864
0.0050766
0.00467609
0.0042547
0.00381853
0.00337267
0.00292133
0.00246758
0.00201485
0.0015623
0.00112425
0.000654976
0.000364698
0.00667781
0.0066767
0.00668524
0.00662182
0.00646135
0.00622608
0.00592847
0.00557625
0.00518292
0.00476159
0.0043213
0.0038687
0.00340923
0.00294707
0.00248499
0.00202591
0.00156866
0.00112666
0.000655102
0.000360149
0.00667499
0.00674927
0.00686146
0.00680979
0.00660278
0.0063222
0.00598952
0.0056085
0.00519336
0.00475713
0.00430715
0.0038488
0.00338669
0.00292416
0.00246325
0.00200616
0.00155141
0.00111086
0.000642817
0.000344534
0.00654865
0.00682571
0.00725421
0.00739463
0.00725969
0.006968
0.00656663
0.00609494
0.00559079
0.0050739
0.00455334
0.00403601
0.00352677
0.00302776
0.00253941
0.00206196
0.00159283
0.00113903
0.00066458
0.00033265
0.00616205
0.00673475
0.00681297
0.00648874
0.00624976
0.00605272
0.00576431
0.00540155
0.00500959
0.00459854
0.00416927
0.00372832
0.00328262
0.00283615
0.00239124
0.00194928
0.00151056
0.00107656
0.000631752
0.000268157
0.00469727
0.0106726
0.012973
0.0122994
0.0111222
0.0100267
0.00893239
0.00787239
0.00690548
0.00603534
0.00524754
0.00453172
0.00387827
0.00327652
0.0027173
0.00219183
0.00169634
0.00121362
0.000759805
0.000240007
-0.0109676
-0.00736869
-0.00288717
0.000352651
0.00220155
0.00318622
0.00369539
0.00392685
0.00395108
0.00381194
0.00356231
0.00324671
0.00289171
0.00251243
0.00212068
0.00172232
0.00133152
0.00092451
0.000598222
2.13874e-05
0.0618759
0.0424143
0.0275478
0.0206318
0.0167585
0.0134425
0.0107268
0.00875004
0.00728434
0.00610804
0.00512654
0.00429684
0.00358039
0.00294447
0.00236968
0.00184221
0.00137029
0.000915128
0.000627537
-6.46569e-05
0.0624093
0.0429969
0.0281461
0.0212115
0.0173083
0.013963
0.0112194
0.00921346
0.00771578
0.00650479
0.00548582
0.00461518
0.00385358
0.00316788
0.00253882
0.00195308
0.00142234
0.000908528
0.000595188
-0.000157291
-0.0104217
-0.00679448
-0.00228747
0.000968241
0.00283094
0.00382895
0.00435026
0.00459224
0.0046255
0.00449408
0.00425032
0.00393735
0.00357985
0.00319091
0.00278021
0.00235089
0.00191412
0.00143566
0.00100724
0.000204456
0.00521757
0.0112158
0.0135295
0.0128545
0.0116681
0.0105607
0.00945491
0.00838494
0.0074098
0.00653266
0.00573824
0.00501489
0.00435123
0.00373453
0.0031533
0.0025957
0.00205489
0.00150564
0.000967322
0.00029762
0.00668203
0.00728498
0.00738553
0.00707387
0.00684365
0.00665196
0.00636449
0.00599841
0.00559961
0.00517887
0.0047375
0.00428196
0.00381847
0.00334968
0.00287602
0.00239614
0.00190727
0.00140419
0.000869476
0.000366042
0.00706193
0.00736614
0.00781274
0.00796202
0.00783277
0.00754298
0.0071386
0.00665944
0.00614419
0.0056131
0.00507556
0.00453851
0.00400645
0.00348067
0.00296024
0.0024433
0.00192488
0.00140759
0.000852671
0.000424706
0.00718348
0.00728657
0.00741795
0.0073751
0.00717357
0.00689522
0.00656038
0.00617301
0.00574782
0.005298
0.00483086
0.00435159
0.00386438
0.00337194
0.0028754
0.00237555
0.00186941
0.00136637
0.00082056
0.000447638
0.00718087
0.00720928
0.00723676
0.0071813
0.00702581
0.00679263
0.00649256
0.00613325
0.0057287
0.0052923
0.0048331
0.00435761
0.00387097
0.00337687
0.00287738
0.00237446
0.00186587
0.00136386
0.000818747
0.000465793
0.00713743
0.00713781
0.00711241
0.00702564
0.00686345
0.00663279
0.00634274
0.00600116
0.00561766
0.00520181
0.00476114
0.00430156
0.00382784
0.00334374
0.00285175
0.00235457
0.00185071
0.001354
0.000813519
0.000473146
0.0070951
0.00708536
0.00703577
0.00693224
0.00676899
0.00654607
0.0062676
0.00593953
0.00556934
0.00516502
0.00473375
0.00428152
0.00381328
0.00333306
0.0028438
0.00234867
0.0018466
0.00135209
0.000813598
0.000478098
0.00707068
0.00705743
0.00699826
0.00688707
0.0067223
0.0065016
0.00622698
0.00590391
0.00553931
0.00514045
0.0047141
0.00426611
0.00380136
0.00332393
0.00283686
0.00234351
0.00184299
0.00135006
0.000812972
0.000479919
0.00707068
0.00705744
0.00699826
0.00688707
0.0067223
0.0065016
0.00622698
0.00590391
0.00553931
0.00514045
0.0047141
0.00426611
0.00380136
0.00332393
0.00283686
0.00234351
0.00184299
0.00135006
0.000812972
0.000479919
0.00709511
0.00708536
0.00703577
0.00693224
0.00676899
0.00654607
0.0062676
0.00593953
0.00556934
0.00516503
0.00473375
0.00428152
0.00381328
0.00333306
0.0028438
0.00234867
0.0018466
0.00135209
0.000813596
0.000478098
0.00713743
0.00713781
0.00711241
0.00702564
0.00686345
0.00663279
0.00634275
0.00600117
0.00561767
0.00520181
0.00476114
0.00430156
0.00382784
0.00334373
0.00285174
0.00235457
0.00185071
0.001354
0.000813517
0.000473145
0.00718088
0.00720928
0.00723677
0.00718131
0.00702581
0.00679263
0.00649257
0.00613325
0.0057287
0.00529231
0.0048331
0.00435761
0.00387097
0.00337686
0.00287738
0.00237445
0.00186587
0.00136385
0.000818743
0.000465792
0.00718349
0.00728658
0.00741795
0.00737511
0.00717358
0.00689523
0.00656038
0.00617302
0.00574783
0.00529801
0.00483086
0.00435158
0.00386437
0.00337194
0.00287539
0.00237554
0.0018694
0.00136637
0.000820554
0.000447636
0.00706194
0.00736615
0.00781275
0.00796203
0.00783278
0.00754299
0.00713861
0.00665945
0.0061442
0.00561311
0.00507556
0.00453851
0.00400645
0.00348067
0.00296024
0.00244329
0.00192487
0.00140758
0.000852664
0.000424704
0.00668204
0.00728499
0.00738554
0.00707388
0.00684366
0.00665197
0.0063645
0.00599842
0.00559962
0.00517888
0.0047375
0.00428195
0.00381847
0.00334967
0.00287602
0.00239613
0.00190726
0.00140419
0.000869467
0.000366041
0.00521757
0.0112158
0.0135295
0.0128545
0.0116681
0.0105607
0.00945492
0.00838494
0.00740981
0.00653267
0.00573824
0.00501489
0.00435123
0.00373453
0.00315329
0.00259569
0.00205488
0.00150563
0.000967309
0.000297618
-0.0104217
-0.00679447
-0.00228746
0.000968249
0.00283094
0.00382896
0.00435027
0.00459224
0.00462551
0.00449408
0.00425032
0.00393735
0.00357984
0.00319091
0.00278021
0.00235088
0.00191411
0.00143564
0.00100724
0.000204452
0.0624093
0.0429969
0.0281461
0.0212116
0.0173083
0.013963
0.0112195
0.00921347
0.00771579
0.0065048
0.00548582
0.00461518
0.00385358
0.00316788
0.00253882
0.00195307
0.00142234
0.000908527
0.000595191
-0.000157288
0.062944
0.0436834
0.0288921
0.0219359
0.0179758
0.014568
0.0117673
0.00970695
0.00815419
0.00688738
0.00581257
0.00488588
0.00406754
0.00332425
0.00263667
0.00199199
0.00140467
0.000839683
0.000512232
-0.000277556
-0.00978862
-0.00608776
-0.0015012
0.00182205
0.00374977
0.00481359
0.00540287
0.00571237
0.00580706
0.00572487
0.00551255
0.0052083
0.00483333
0.00439925
0.00391565
0.00338684
0.00282558
0.00219273
0.00158185
0.000446922
0.00574664
0.0117749
0.0141231
0.0134708
0.0122998
0.0112073
0.010118
0.00906737
0.00811336
0.0072566
0.00647889
0.00576498
0.00509925
0.00446495
0.00384743
0.0032325
0.00261188
0.00195431
0.00128472
0.000397694
0.00722888
0.00790127
0.00805658
0.00778458
0.00759006
0.00743036
0.0071693
0.00682505
0.00644389
0.006035
0.00559765
0.00513605
0.00465387
0.00415138
0.00362711
0.00307787
0.00249943
0.00188109
0.0012068
0.000496758
0.00759811
0.00796197
0.00845156
0.00863149
0.00852905
0.00826002
0.00786876
0.00739648
0.00688368
0.00635124
0.00580815
0.00526006
0.00470925
0.00415437
0.00359191
0.00301735
0.00242372
0.00180902
0.00113494
0.000556249
0.00771098
0.00787825
0.00805429
0.00803882
0.00786102
0.00760395
0.00728576
0.00690927
0.00648876
0.00603688
0.00556031
0.0050636
0.00455016
0.00402154
0.00347753
0.0029173
0.0023365
0.00174125
0.00108465
0.000593775
0.00769683
0.00778957
0.0078596
0.00782759
0.00769223
0.00747715
0.00719041
0.00683845
0.00643512
0.00599352
0.00552221
0.00502717
0.00451289
0.00398211
0.0034359
0.00287489
0.00229591
0.00170898
0.00106264
0.000617997
0.00764258
0.00770733
0.00772397
0.00765919
0.00751534
0.00730134
0.00702384
0.0066895
0.00630737
0.00588635
0.00543323
0.00495332
0.00445085
0.00392897
0.0033896
0.00283461
0.00226197
0.00168409
0.00104775
0.000629898
0.00759213
0.0076465
0.00763842
0.00755578
0.00740948
0.00720191
0.00693489
0.00661315
0.00624359
0.00583356
0.00538948
0.0049167
0.00441963
0.0039018
0.00336563
0.00281366
0.00224452
0.00167172
0.00104118
0.000636351
0.00756339
0.00761406
0.00759611
0.00750535
0.00735693
0.00715103
0.00688745
0.00657046
0.0062064
0.00580182
0.00536269
0.0048942
0.00440068
0.00388572
0.00335193
0.00280216
0.0022353
0.00166533
0.00103789
0.000638804
0.0075634
0.00761406
0.00759611
0.00750535
0.00735693
0.00715103
0.00688745
0.00657046
0.0062064
0.00580182
0.00536269
0.0048942
0.00440068
0.00388571
0.00335193
0.00280216
0.0022353
0.00166533
0.00103789
0.000638803
0.00759213
0.00764651
0.00763842
0.00755579
0.00740948
0.00720191
0.00693489
0.00661315
0.0062436
0.00583356
0.00538948
0.0049167
0.00441963
0.00390179
0.00336562
0.00281366
0.00224452
0.00167172
0.00104117
0.00063635
0.00764258
0.00770734
0.00772398
0.0076592
0.00751535
0.00730134
0.00702385
0.0066895
0.00630738
0.00588635
0.00543323
0.00495331
0.00445084
0.00392897
0.0033896
0.0028346
0.00226196
0.00168409
0.00104775
0.000629897
0.00769683
0.00778957
0.00785961
0.0078276
0.00769224
0.00747716
0.00719041
0.00683845
0.00643512
0.00599352
0.00552221
0.00502717
0.00451289
0.00398211
0.00343589
0.00287488
0.0022959
0.00170898
0.00106263
0.000617996
0.00771099
0.00787825
0.00805429
0.00803883
0.00786103
0.00760396
0.00728577
0.00690928
0.00648877
0.00603689
0.0055603
0.0050636
0.00455015
0.00402153
0.00347753
0.00291729
0.00233649
0.00174124
0.00108464
0.000593774
0.00759812
0.00796198
0.00845157
0.0086315
0.00852906
0.00826002
0.00786877
0.00739649
0.00688369
0.00635124
0.00580815
0.00526006
0.00470925
0.00415437
0.0035919
0.00301734
0.00242371
0.00180901
0.00113493
0.000556247
0.00722889
0.00790128
0.00805659
0.00778459
0.00759007
0.00743036
0.0071693
0.00682506
0.00644389
0.006035
0.00559765
0.00513604
0.00465387
0.00415138
0.0036271
0.00307786
0.00249942
0.00188108
0.00120678
0.000496757
0.00574665
0.0117749
0.0141231
0.0134708
0.0122998
0.0112073
0.0101181
0.00906738
0.00811336
0.0072566
0.00647889
0.00576498
0.00509925
0.00446494
0.00384742
0.00323249
0.00261186
0.00195429
0.0012847
0.000397692
-0.00978861
-0.00608776
-0.00150119
0.00182206
0.00374978
0.0048136
0.00540288
0.00571238
0.00580707
0.00572487
0.00551255
0.0052083
0.00483333
0.00439925
0.00391564
0.00338683
0.00282557
0.00219271
0.00158183
0.000446909
0.062944
0.0436835
0.0288921
0.0219359
0.0179758
0.014568
0.0117673
0.00970695
0.0081542
0.00688738
0.00581257
0.00488588
0.00406754
0.00332424
0.00263666
0.00199199
0.00140468
0.000839687
0.00051224
-0.00027755
0.063207
0.0444189
0.0297913
0.0228196
0.0187208
0.0151192
0.0121331
0.00991769
0.00824482
0.00689439
0.00576833
0.00481339
0.00397957
0.00322538
0.00252556
0.00186508
0.00125844
0.0006811
0.000355866
-0.000374872
-0.00901691
-0.00526115
-0.000574234
0.00294089
0.00514716
0.00650915
0.00735098
0.0078231
0.00796972
0.00783168
0.0074746
0.00696194
0.00634038
0.00564373
0.00489773
0.00411994
0.00333174
0.00250037
0.0017244
0.000440343
0.00614954
0.0122097
0.0146451
0.0140852
0.0130089
0.0120037
0.0109898
0.0100065
0.00910454
0.00827337
0.00748861
0.006734
0.00599678
0.00526592
0.00453367
0.00379303
0.00304201
0.00225323
0.0014609
0.000422902
0.00774765
0.00857012
0.00883034
0.00864911
0.00855568
0.0084925
0.0083072
0.00801356
0.00765367
0.00723388
0.00675492
0.00622468
0.00565132
0.00504004
0.0043943
0.0037152
0.00300218
0.00224489
0.00143472
0.000561108
0.00809279
0.00858031
0.00914507
0.00937953
0.00932533
0.00910017
0.00874639
0.00830401
0.00781071
0.007283
0.00672662
0.00614587
0.00554319
0.00491877
0.00427148
0.00359931
0.00289806
0.00216541
0.00137096
0.000655563
0.00817994
0.0084759
0.00873062
0.0087715
0.00864606
0.00843756
0.0081579
0.00780629
0.00739606
0.00693903
0.00644149
0.00590835
0.00534372
0.00475021
0.00412899
0.00348048
0.00280206
0.00209872
0.00133052
0.000724975
0.00813921
0.00835599
0.00849705
0.0085108
0.00841555
0.00823659
0.00797869
0.00764602
0.00725132
0.00680656
0.00631937
0.00579543
0.00523932
0.00465425
0.00404207
0.00340421
0.00273889
0.00205491
0.00130718
0.000768354
0.0080633
0.00824747
0.00833072
0.00830746
0.00820034
0.00802025
0.00777072
0.00745551
0.00708212
0.00665841
0.00619062
0.00568389
0.00514268
0.00457058
0.00397019
0.00334397
0.00269113
0.00202281
0.00129157
0.000792054
0.00799799
0.00816824
0.00822361
0.00817937
0.00806666
0.00789004
0.00764867
0.00734473
0.00698363
0.00657165
0.00611454
0.00561734
0.00508453
0.00451995
0.00392661
0.00330758
0.00266261
0.00200399
0.00128309
0.000804169
0.00796175
0.00812643
0.00817033
0.00811647
0.00800028
0.00782421
0.00758558
0.00728621
0.00693081
0.00652481
0.00607346
0.0055816
0.00505361
0.00449337
0.00390407
0.00328904
0.00264832
0.00199463
0.00127892
0.000808981
0.00796175
0.00812643
0.00817033
0.00811647
0.00800028
0.00782422
0.00758558
0.00728622
0.00693081
0.00652481
0.00607346
0.0055816
0.00505361
0.00449337
0.00390407
0.00328904
0.00264831
0.00199463
0.00127891
0.000808981
0.00799799
0.00816824
0.00822361
0.00817937
0.00806666
0.00789005
0.00764867
0.00734473
0.00698363
0.00657165
0.00611454
0.00561734
0.00508453
0.00451995
0.00392661
0.00330757
0.00266261
0.00200398
0.00128308
0.000804168
0.00806331
0.00824748
0.00833072
0.00830747
0.00820035
0.00802026
0.00777072
0.00745552
0.00708212
0.00665841
0.00619062
0.00568389
0.00514268
0.00457058
0.00397018
0.00334396
0.00269112
0.0020228
0.00129157
0.000792053
0.00813921
0.008356
0.00849705
0.0085108
0.00841556
0.00823659
0.00797869
0.00764602
0.00725132
0.00680656
0.00631937
0.00579543
0.00523931
0.00465424
0.00404206
0.0034042
0.00273888
0.0020549
0.00130717
0.000768353
0.00817994
0.0084759
0.00873063
0.00877151
0.00864606
0.00843757
0.0081579
0.00780629
0.00739606
0.00693903
0.00644149
0.00590834
0.00534372
0.0047502
0.00412898
0.00348047
0.00280205
0.00209871
0.00133051
0.000724974
0.0080928
0.00858031
0.00914507
0.00937954
0.00932533
0.00910017
0.0087464
0.00830401
0.00781071
0.007283
0.00672662
0.00614587
0.00554319
0.00491876
0.00427147
0.0035993
0.00289805
0.00216539
0.00137095
0.000655562
0.00774766
0.00857013
0.00883035
0.00864912
0.00855569
0.0084925
0.00830721
0.00801357
0.00765367
0.00723388
0.00675491
0.00622468
0.00565131
0.00504003
0.00439429
0.00371518
0.00300216
0.00224487
0.0014347
0.000561105
0.00614955
0.0122097
0.0146452
0.0140852
0.0130089
0.0120037
0.0109898
0.0100065
0.00910454
0.00827337
0.0074886
0.006734
0.00599677
0.00526591
0.00453366
0.00379301
0.00304199
0.0022532
0.00146088
0.0004229
-0.00901691
-0.00526114
-0.000574227
0.00294089
0.00514717
0.00650915
0.00735099
0.00782311
0.00796972
0.00783168
0.0074746
0.00696194
0.00634038
0.00564372
0.00489772
0.00411993
0.00333172
0.00250035
0.00172438
0.000440322
0.063207
0.0444189
0.0297913
0.0228196
0.0187208
0.0151192
0.0121331
0.0099177
0.00824483
0.00689439
0.00576833
0.00481338
0.00397957
0.00322537
0.00252556
0.00186509
0.00125845
0.000681109
0.000355877
-0.000374863
0.0642396
0.0446727
0.0299849
0.0229869
0.0185631
0.0146149
0.0114048
0.00908637
0.00739749
0.00608876
0.00503686
0.00416781
0.00341767
0.00273754
0.00209944
0.00148892
0.000920333
0.000384298
9.48647e-05
-0.000488147
-0.00712339
-0.0039435
0.000726353
0.00482552
0.0076963
0.00935427
0.0101052
0.0102356
0.00992284
0.00930556
0.00851045
0.00763033
0.00671928
0.00580599
0.00490672
0.00402372
0.00316198
0.0022925
0.00150506
0.000308558
0.00695362
0.0128282
0.0152467
0.0148297
0.0139776
0.0131207
0.0121528
0.011139
0.0101485
0.00919028
0.00826124
0.00736161
0.00648834
0.00563519
0.00479624
0.00396371
0.003134
0.00228436
0.00145035
0.000387768
0.00867193
0.00943972
0.00979635
0.00975579
0.00978862
0.00979296
0.00960776
0.00925818
0.00879963
0.00825398
0.00763727
0.00696855
0.00626268
0.00552853
0.00477121
0.00399209
0.00319061
0.00235757
0.00149179
0.000557601
0.00887041
0.00917931
0.00973785
0.0100257
0.0100372
0.00987383
0.00955963
0.00912751
0.00861571
0.0080451
0.00742789
0.00677462
0.00609281
0.00538644
0.00465725
0.00390518
0.00312815
0.00232482
0.00147845
0.000689272
0.00885465
0.00897515
0.00924857
0.00936865
0.00931097
0.00915158
0.00889915
0.00855226
0.00812625
0.00763591
0.00709137
0.00650135
0.00587315
0.00521189
0.00452081
0.00380193
0.00305494
0.00228517
0.00146986
0.000786952
0.00874861
0.00878505
0.00893358
0.00901111
0.00896478
0.008821
0.00858688
0.00826463
0.00786625
0.00740439
0.00688835
0.00632582
0.00572334
0.0050859
0.00441709
0.00371986
0.00299484
0.00225111
0.00146279
0.0008485
0.00862909
0.00862943
0.00871504
0.00875256
0.00869193
0.00854485
0.00831855
0.00801526
0.00764174
0.00720647
0.00671678
0.00617917
0.00559951
0.00498275
0.0043329
0.00365375
0.00294687
0.00222348
0.00145622
0.000883242
0.00853696
0.00852191
0.00857659
0.00859038
0.00852118
0.00837454
0.00815465
0.00786281
0.0075036
0.00708356
0.0066091
0.00608614
0.00552018
0.00491613
0.00427822
0.00361073
0.0029157
0.00220542
0.00145168
0.000901029
0.00848799
0.00846683
0.00850858
0.00851141
0.00843755
0.00829049
0.00807291
0.00778592
0.00743333
0.00702072
0.00655389
0.00603839
0.00547948
0.004882
0.00425029
0.00358882
0.00289988
0.00219616
0.00144911
0.000908242
0.00848799
0.00846683
0.00850858
0.00851141
0.00843755
0.00829049
0.00807291
0.00778592
0.00743333
0.00702072
0.00655389
0.00603839
0.00547947
0.004882
0.00425029
0.00358882
0.00289988
0.00219616
0.00144911
0.000908242
0.00853697
0.00852191
0.0085766
0.00859038
0.00852118
0.00837455
0.00815465
0.00786281
0.0075036
0.00708356
0.0066091
0.00608614
0.00552018
0.00491613
0.00427822
0.00361072
0.0029157
0.00220542
0.00145168
0.000901029
0.0086291
0.00862944
0.00871504
0.00875257
0.00869193
0.00854486
0.00831856
0.00801526
0.00764174
0.00720647
0.00671677
0.00617917
0.0055995
0.00498275
0.00433289
0.00365375
0.00294687
0.00222348
0.00145622
0.000883242
0.00874862
0.00878506
0.00893358
0.00901111
0.00896479
0.008821
0.00858689
0.00826464
0.00786625
0.00740439
0.00688835
0.00632582
0.00572333
0.0050859
0.00441708
0.00371985
0.00299483
0.0022511
0.00146278
0.0008485
0.00885466
0.00897516
0.00924858
0.00936866
0.00931098
0.00915159
0.00889915
0.00855226
0.00812625
0.00763591
0.00709136
0.00650134
0.00587314
0.00521189
0.0045208
0.00380192
0.00305492
0.00228516
0.00146985
0.000786952
0.00887042
0.00917932
0.00973786
0.0100257
0.0100372
0.00987384
0.00955964
0.00912751
0.00861571
0.0080451
0.00742788
0.00677461
0.0060928
0.00538643
0.00465724
0.00390517
0.00312814
0.0023248
0.00147843
0.00068927
0.00867193
0.00943973
0.00979636
0.0097558
0.00978863
0.00979297
0.00960776
0.00925819
0.00879964
0.00825398
0.00763727
0.00696855
0.00626267
0.00552852
0.0047712
0.00399208
0.00319059
0.00235755
0.00149176
0.000557598
0.00695363
0.0128283
0.0152467
0.0148297
0.0139776
0.0131207
0.0121528
0.011139
0.0101485
0.00919028
0.00826124
0.0073616
0.00648833
0.00563518
0.00479622
0.00396369
0.00313398
0.00228433
0.00145034
0.000387768
-0.00712338
-0.00394349
0.000726358
0.00482553
0.00769631
0.00935428
0.0101052
0.0102356
0.00992284
0.00930556
0.00851044
0.00763032
0.00671927
0.00580598
0.0049067
0.0040237
0.00316195
0.00229247
0.00150503
0.000308523
0.0642396
0.0446727
0.0299849
0.0229869
0.0185631
0.0146149
0.0114048
0.00908638
0.0073975
0.00608876
0.00503686
0.00416781
0.00341767
0.00273754
0.00209944
0.00148893
0.000920341
0.000384309
9.48755e-05
-0.00048814
)
;

boundaryField
{
    inlet
    {
        type            zeroGradient;
    }
    outlet
    {
        type            fixedValue;
        value           uniform 0;
    }
    walls
    {
        type            zeroGradient;
    }
    frontAndBack
    {
        type            empty;
    }
}


// ************************************************************************* //
