/*--------------------------------*- C++ -*----------------------------------*\
  =========                 |
  \\      /  F ield         | OpenFOAM: The Open Source CFD Toolbox
   \\    /   O peration     | Website:  https://openfoam.org
    \\  /    A nd           | Version:  9
     \\/     M anipulation  |
\*---------------------------------------------------------------------------*/
FoamFile
{
    format      ascii;
    class       volScalarField;
    location    "300";
    object      p;
}
// * * * * * * * * * * * * * * * * * * * * * * * * * * * * * * * * * * * * * //

dimensions      [0 2 -2 0 0 0 0];

internalField   nonuniform List<scalar> 
8000
(
0.0642394
0.0446726
0.0299848
0.0229868
0.0185629
0.0146148
0.0114047
0.00908622
0.00739734
0.0060886
0.0050367
0.00416766
0.00341752
0.0027374
0.0020993
0.00148879
0.000920208
0.000384183
9.47839e-05
-0.000488213
-0.00712353
-0.00394364
0.000726213
0.00482538
0.00769616
0.00935413
0.010105
0.0102355
0.00992268
0.0093054
0.00851028
0.00763017
0.00671912
0.00580585
0.00490657
0.00402358
0.00316185
0.00229239
0.001505
0.000308578
0.00695348
0.0128281
0.0152466
0.0148296
0.0139775
0.0131206
0.0121527
0.0111388
0.0101484
0.00919012
0.00826107
0.00736144
0.00648817
0.00563503
0.00479608
0.00396356
0.00313386
0.00228425
0.00145029
0.000387834
0.00867179
0.00943958
0.00979621
0.00975565
0.00978847
0.00979281
0.0096076
0.00925802
0.00879947
0.00825381
0.0076371
0.00696838
0.00626251
0.00552837
0.00477106
0.00399195
0.00319049
0.00235748
0.00149174
0.000557686
0.00887027
0.00917917
0.00973771
0.0100256
0.0100371
0.00987368
0.00955947
0.00912734
0.00861554
0.00804493
0.00742772
0.00677445
0.00609264
0.00538629
0.00465711
0.00390505
0.00312805
0.00232474
0.00147841
0.000689333
0.00885451
0.00897501
0.00924843
0.00936851
0.00931082
0.00915143
0.00889899
0.0085521
0.00812608
0.00763574
0.0070912
0.00650118
0.00587299
0.00521174
0.00452066
0.0038018
0.00305482
0.00228508
0.00146981
0.000786964
0.00874847
0.00878491
0.00893343
0.00901096
0.00896463
0.00882084
0.00858672
0.00826447
0.00786608
0.00740423
0.00688819
0.00632566
0.00572318
0.00508575
0.00441695
0.00371972
0.00299473
0.00225102
0.00146273
0.000848459
0.00862895
0.00862929
0.00871489
0.00875241
0.00869178
0.0085447
0.00831839
0.0080151
0.00764158
0.0072063
0.00671661
0.00617901
0.00559935
0.0049826
0.00433276
0.00365362
0.00294676
0.00222338
0.00145614
0.000883153
0.00853682
0.00852177
0.00857645
0.00859023
0.00852102
0.00837439
0.00815449
0.00786265
0.00750343
0.0070834
0.00660894
0.00608598
0.00552003
0.00491599
0.00427809
0.0036106
0.00291559
0.00220531
0.00145159
0.000900906
0.00848784
0.00846669
0.00850844
0.00851126
0.0084374
0.00829033
0.00807275
0.00778576
0.00743316
0.00702056
0.00655373
0.00603823
0.00547932
0.00488186
0.00425016
0.00358869
0.00289977
0.00219605
0.00144902
0.0009081
0.00848784
0.00846669
0.00850844
0.00851126
0.0084374
0.00829033
0.00807275
0.00778576
0.00743316
0.00702056
0.00655373
0.00603823
0.00547932
0.00488186
0.00425015
0.00358869
0.00289977
0.00219605
0.00144902
0.0009081
0.00853682
0.00852177
0.00857645
0.00859023
0.00852102
0.00837439
0.00815449
0.00786265
0.00750343
0.0070834
0.00660894
0.00608598
0.00552003
0.00491598
0.00427808
0.0036106
0.00291558
0.00220531
0.00145159
0.000900905
0.00862895
0.00862929
0.00871489
0.00875242
0.00869178
0.0085447
0.00831839
0.0080151
0.00764158
0.0072063
0.00671661
0.00617901
0.00559935
0.0049826
0.00433276
0.00365362
0.00294675
0.00222338
0.00145614
0.000883151
0.00874847
0.00878491
0.00893343
0.00901096
0.00896463
0.00882084
0.00858672
0.00826447
0.00786608
0.00740423
0.00688819
0.00632566
0.00572318
0.00508575
0.00441695
0.00371972
0.00299473
0.00225101
0.00146272
0.000848457
0.00885451
0.00897501
0.00924843
0.00936851
0.00931082
0.00915143
0.00889899
0.0085521
0.00812608
0.00763574
0.0070912
0.00650118
0.00587299
0.00521174
0.00452066
0.0038018
0.00305482
0.00228508
0.00146981
0.000786961
0.00887027
0.00917918
0.00973771
0.0100256
0.0100371
0.00987368
0.00955947
0.00912735
0.00861554
0.00804493
0.00742772
0.00677445
0.00609264
0.00538628
0.0046571
0.00390505
0.00312804
0.00232474
0.00147841
0.00068933
0.00867179
0.00943958
0.00979622
0.00975565
0.00978848
0.00979281
0.0096076
0.00925802
0.00879947
0.00825382
0.0076371
0.00696838
0.00626251
0.00552836
0.00477106
0.00399195
0.00319049
0.00235747
0.00149174
0.000557681
0.00695349
0.0128281
0.0152466
0.0148296
0.0139775
0.0131206
0.0121527
0.0111388
0.0101484
0.00919012
0.00826107
0.00736144
0.00648817
0.00563503
0.00479608
0.00396355
0.00313386
0.00228424
0.00145028
0.000387827
-0.00712352
-0.00394363
0.000726217
0.00482538
0.00769617
0.00935413
0.010105
0.0102355
0.00992268
0.0093054
0.00851029
0.00763017
0.00671912
0.00580585
0.00490657
0.00402358
0.00316184
0.00229238
0.00150498
0.000308561
0.0642394
0.0446726
0.0299848
0.0229868
0.0185629
0.0146148
0.0114047
0.00908622
0.00739734
0.0060886
0.0050367
0.00416765
0.00341752
0.0027374
0.0020993
0.00148879
0.000920218
0.000384199
9.48045e-05
-0.000488193
0.0632069
0.0444188
0.0297912
0.0228195
0.0187207
0.0151191
0.012133
0.00991758
0.0082447
0.00689427
0.00576821
0.00481326
0.00397945
0.00322526
0.00252545
0.00186498
0.00125835
0.00068101
0.000355814
-0.000374923
-0.009017
-0.00526124
-0.000574328
0.00294079
0.00514706
0.00650904
0.00735087
0.00782299
0.0079696
0.00783156
0.00747448
0.00696182
0.00634026
0.00564362
0.00489761
0.00411983
0.00333164
0.00250028
0.00172434
0.000440371
0.00614945
0.0122096
0.0146451
0.0140851
0.0130088
0.0120036
0.0109897
0.0100064
0.00910443
0.00827325
0.00748849
0.00673388
0.00599666
0.0052658
0.00453355
0.00379291
0.0030419
0.00225314
0.00146084
0.000422966
0.00774756
0.00857003
0.00883024
0.00864901
0.00855558
0.00849239
0.00830709
0.00801345
0.00765355
0.00723376
0.00675479
0.00622456
0.00565119
0.00503991
0.00439418
0.00371509
0.00300208
0.00224482
0.00143468
0.000561184
0.0080927
0.00858021
0.00914497
0.00937943
0.00932523
0.00910006
0.00874628
0.00830389
0.00781059
0.00728287
0.0067265
0.00614574
0.00554307
0.00491864
0.00427136
0.0035992
0.00289797
0.00216534
0.00137093
0.000655615
0.00817985
0.0084758
0.00873052
0.0087714
0.00864595
0.00843746
0.00815779
0.00780617
0.00739594
0.00693891
0.00644137
0.00590822
0.00534359
0.00475009
0.00412887
0.00348037
0.00280197
0.00209865
0.00133047
0.000724981
0.00813912
0.0083559
0.00849695
0.0085107
0.00841545
0.00823648
0.00797858
0.0076459
0.0072512
0.00680643
0.00631925
0.00579531
0.00523919
0.00465412
0.00404195
0.0034041
0.00273879
0.00205483
0.00130712
0.000768313
0.00806321
0.00824738
0.00833062
0.00830736
0.00820023
0.00802014
0.00777061
0.0074554
0.00708199
0.00665829
0.0061905
0.00568377
0.00514256
0.00457046
0.00397007
0.00334386
0.00269103
0.00202272
0.00129151
0.000791971
0.00799789
0.00816814
0.00822351
0.00817926
0.00806655
0.00788993
0.00764855
0.00734461
0.00698351
0.00657153
0.00611442
0.00561722
0.00508441
0.00451984
0.0039265
0.00330747
0.00266252
0.0020039
0.00128302
0.000804058
0.00796166
0.00812633
0.00817023
0.00811637
0.00800017
0.0078241
0.00758547
0.0072861
0.00693069
0.00652469
0.00607334
0.00558148
0.0050535
0.00449326
0.00390396
0.00328894
0.00264822
0.00199454
0.00127884
0.000808854
0.00796166
0.00812633
0.00817023
0.00811637
0.00800017
0.0078241
0.00758547
0.0072861
0.00693069
0.00652469
0.00607334
0.00558148
0.0050535
0.00449326
0.00390396
0.00328894
0.00264822
0.00199454
0.00127884
0.000808854
0.00799789
0.00816814
0.00822351
0.00817926
0.00806655
0.00788993
0.00764855
0.00734462
0.00698351
0.00657153
0.00611442
0.00561722
0.00508441
0.00451984
0.0039265
0.00330747
0.00266252
0.0020039
0.00128301
0.000804057
0.00806321
0.00824738
0.00833062
0.00830736
0.00820024
0.00802014
0.00777061
0.0074554
0.007082
0.00665829
0.0061905
0.00568377
0.00514256
0.00457046
0.00397007
0.00334386
0.00269103
0.00202272
0.00129151
0.00079197
0.00813912
0.0083559
0.00849695
0.0085107
0.00841545
0.00823648
0.00797858
0.0076459
0.0072512
0.00680644
0.00631925
0.00579531
0.00523919
0.00465412
0.00404195
0.0034041
0.00273879
0.00205482
0.00130712
0.000768311
0.00817985
0.0084758
0.00873053
0.00877141
0.00864596
0.00843746
0.00815779
0.00780617
0.00739594
0.00693891
0.00644137
0.00590822
0.00534359
0.00475009
0.00412887
0.00348036
0.00280196
0.00209864
0.00133047
0.000724978
0.0080927
0.00858021
0.00914497
0.00937943
0.00932523
0.00910006
0.00874628
0.0083039
0.00781059
0.00728287
0.0067265
0.00614574
0.00554307
0.00491864
0.00427136
0.0035992
0.00289797
0.00216534
0.00137092
0.000655611
0.00774757
0.00857003
0.00883025
0.00864902
0.00855558
0.0084924
0.0083071
0.00801345
0.00765355
0.00723376
0.00675479
0.00622456
0.00565119
0.00503991
0.00439418
0.00371508
0.00300208
0.00224481
0.00143467
0.000561179
0.00614945
0.0122096
0.0146451
0.0140851
0.0130088
0.0120036
0.0109897
0.0100064
0.00910443
0.00827325
0.00748849
0.00673388
0.00599666
0.0052658
0.00453355
0.00379291
0.00304189
0.00225313
0.00146083
0.000422959
-0.009017
-0.00526124
-0.000574325
0.00294079
0.00514706
0.00650905
0.00735087
0.00782299
0.0079696
0.00783156
0.00747448
0.00696182
0.00634026
0.00564361
0.00489761
0.00411982
0.00333162
0.00250026
0.00172432
0.000440351
0.0632069
0.0444188
0.0297912
0.0228195
0.0187207
0.0151191
0.012133
0.00991758
0.00824471
0.00689427
0.00576821
0.00481326
0.00397945
0.00322526
0.00252545
0.00186498
0.00125836
0.000681027
0.000355834
-0.000374904
0.062944
0.0436834
0.0288921
0.0219359
0.0179758
0.014568
0.0117672
0.00970691
0.00815416
0.00688734
0.00581253
0.00488584
0.0040675
0.0033242
0.00263662
0.00199195
0.00140463
0.000839649
0.000512227
-0.000277586
-0.00978866
-0.0060878
-0.00150123
0.00182202
0.00374974
0.00481357
0.00540284
0.00571234
0.00580702
0.00572483
0.0055125
0.00520825
0.00483328
0.0043992
0.0039156
0.00338679
0.00282553
0.00219268
0.00158181
0.000446954
0.00574661
0.0117749
0.0141231
0.0134708
0.0122997
0.0112073
0.010118
0.00906734
0.00811332
0.00725655
0.00647885
0.00576493
0.0050992
0.00446489
0.00384737
0.00323245
0.00261182
0.00195426
0.00128468
0.000397752
0.00722884
0.00790123
0.00805655
0.00778455
0.00759004
0.00743033
0.00716927
0.00682502
0.00644385
0.00603495
0.0055976
0.00513599
0.00465381
0.00415132
0.00362705
0.00307781
0.00249938
0.00188106
0.00120677
0.000496817
0.00759807
0.00796194
0.00845153
0.00863146
0.00852903
0.00825999
0.00786873
0.00739645
0.00688364
0.0063512
0.0058081
0.00526
0.00470919
0.00415431
0.00359185
0.0030173
0.00242367
0.00180898
0.00113492
0.000556284
0.00771095
0.00787821
0.00805426
0.00803879
0.00786099
0.00760392
0.00728573
0.00690924
0.00648872
0.00603684
0.00556025
0.00506355
0.0045501
0.00402147
0.00347747
0.00291724
0.00233644
0.00174121
0.00108462
0.000593774
0.00769679
0.00778953
0.00785957
0.00782756
0.0076922
0.00747712
0.00719037
0.00683841
0.00643508
0.00599348
0.00552216
0.00502712
0.00451283
0.00398205
0.00343584
0.00287483
0.00229585
0.00170893
0.0010626
0.000617962
0.00764254
0.0077073
0.00772394
0.00765916
0.00751531
0.00730131
0.00702381
0.00668946
0.00630733
0.0058863
0.00543318
0.00495326
0.00445079
0.00392891
0.00338955
0.00283455
0.00226191
0.00168404
0.00104771
0.000629834
0.0075921
0.00764647
0.00763839
0.00755575
0.00740945
0.00720187
0.00693485
0.00661311
0.00624355
0.00583352
0.00538943
0.00491665
0.00441958
0.00390174
0.00336557
0.0028136
0.00224447
0.00167166
0.00104114
0.000636267
0.00756336
0.00761402
0.00759608
0.00750532
0.0073569
0.007151
0.00688741
0.00657042
0.00620636
0.00580177
0.00536265
0.00489415
0.00440063
0.00388566
0.00335188
0.0028021
0.00223525
0.00166528
0.00103785
0.00063871
0.00756336
0.00761402
0.00759608
0.00750532
0.0073569
0.007151
0.00688741
0.00657042
0.00620636
0.00580177
0.00536265
0.00489415
0.00440063
0.00388566
0.00335188
0.0028021
0.00223525
0.00166527
0.00103784
0.00063871
0.0075921
0.00764647
0.00763839
0.00755575
0.00740945
0.00720187
0.00693485
0.00661311
0.00624356
0.00583352
0.00538943
0.00491665
0.00441958
0.00390174
0.00336557
0.0028136
0.00224447
0.00167166
0.00104113
0.000636266
0.00764254
0.0077073
0.00772394
0.00765916
0.00751532
0.00730131
0.00702381
0.00668947
0.00630733
0.0058863
0.00543318
0.00495326
0.00445079
0.00392891
0.00338954
0.00283455
0.00226191
0.00168403
0.00104771
0.000629833
0.0076968
0.00778953
0.00785957
0.00782757
0.0076922
0.00747712
0.00719038
0.00683842
0.00643508
0.00599348
0.00552216
0.00502712
0.00451283
0.00398205
0.00343584
0.00287483
0.00229585
0.00170893
0.0010626
0.00061796
0.00771095
0.00787821
0.00805426
0.00803879
0.007861
0.00760392
0.00728573
0.00690924
0.00648872
0.00603684
0.00556025
0.00506355
0.0045501
0.00402147
0.00347747
0.00291724
0.00233644
0.0017412
0.00108462
0.000593771
0.00759807
0.00796194
0.00845154
0.00863146
0.00852903
0.00825999
0.00786873
0.00739645
0.00688364
0.0063512
0.0058081
0.00526
0.00470919
0.00415431
0.00359185
0.00301729
0.00242367
0.00180898
0.00113491
0.000556281
0.00722885
0.00790124
0.00805655
0.00778456
0.00759004
0.00743033
0.00716927
0.00682502
0.00644385
0.00603495
0.0055976
0.00513599
0.00465381
0.00415132
0.00362705
0.0030778
0.00249938
0.00188105
0.00120676
0.000496812
0.00574661
0.0117749
0.0141231
0.0134708
0.0122997
0.0112073
0.010118
0.00906735
0.00811332
0.00725655
0.00647885
0.00576493
0.0050992
0.00446489
0.00384737
0.00323244
0.00261181
0.00195425
0.00128467
0.000397746
-0.00978866
-0.0060878
-0.00150123
0.00182203
0.00374975
0.00481357
0.00540284
0.00571234
0.00580703
0.00572483
0.00551251
0.00520825
0.00483328
0.0043992
0.00391559
0.00338678
0.00282551
0.00219266
0.00158178
0.000446936
0.062944
0.0436834
0.0288921
0.0219359
0.0179758
0.014568
0.0117672
0.00970692
0.00815416
0.00688734
0.00581253
0.00488584
0.0040675
0.0033242
0.00263662
0.00199195
0.00140464
0.000839661
0.000512242
-0.00027757
0.0624093
0.0429969
0.0281461
0.0212116
0.0173084
0.0139631
0.0112195
0.00921352
0.00771584
0.00650484
0.00548587
0.00461522
0.00385361
0.00316791
0.00253884
0.0019531
0.00142236
0.000908544
0.000595217
-0.0001573
-0.0104217
-0.00679444
-0.00228742
0.000968294
0.00283099
0.00382901
0.00435032
0.00459229
0.00462556
0.00449413
0.00425036
0.00393739
0.00357987
0.00319093
0.00278023
0.00235089
0.00191412
0.00143565
0.00100722
0.000204489
0.0052176
0.0112158
0.0135296
0.0128545
0.0116681
0.0105608
0.00945496
0.00838499
0.00740985
0.00653271
0.00573828
0.00501492
0.00435126
0.00373455
0.00315331
0.00259571
0.0020549
0.00150564
0.000967309
0.000297671
0.00668207
0.00728502
0.00738558
0.00707392
0.0068437
0.00665202
0.00636455
0.00599846
0.00559966
0.00517892
0.00473754
0.00428198
0.00381849
0.00334969
0.00287603
0.00239614
0.00190727
0.0014042
0.000869468
0.000366084
0.00706197
0.00736618
0.00781279
0.00796207
0.00783283
0.00754304
0.00713866
0.00665949
0.00614424
0.00561315
0.00507559
0.00453854
0.00400648
0.00348069
0.00296025
0.0024433
0.00192488
0.00140759
0.000852668
0.00042473
0.00718352
0.00728662
0.007418
0.00737515
0.00717363
0.00689528
0.00656043
0.00617307
0.00574787
0.00529805
0.0048309
0.00435161
0.0038644
0.00337195
0.0028754
0.00237554
0.0018694
0.00136637
0.000820551
0.000447636
0.00718091
0.00720932
0.00723681
0.00718135
0.00702586
0.00679268
0.00649262
0.0061333
0.00572874
0.00529235
0.00483313
0.00435763
0.00387099
0.00337688
0.00287739
0.00237445
0.00186586
0.00136385
0.000818739
0.000465771
0.00713746
0.00713785
0.00711246
0.00702569
0.0068635
0.00663284
0.0063428
0.00600122
0.00561771
0.00520185
0.00476117
0.00430159
0.00382786
0.00334375
0.00285175
0.00235457
0.0018507
0.00135398
0.000813509
0.000473106
0.00709514
0.00708541
0.00703582
0.00693229
0.00676904
0.00654612
0.00626765
0.00593958
0.00556939
0.00516507
0.00473379
0.00428155
0.0038133
0.00333308
0.00284381
0.00234867
0.00184659
0.00135208
0.000813588
0.000478047
0.00707072
0.00705748
0.00699831
0.00688713
0.00672236
0.00650165
0.00622703
0.00590396
0.00553936
0.0051405
0.00471414
0.00426614
0.00380138
0.00332394
0.00283687
0.00234351
0.00184298
0.00135005
0.000812962
0.000479861
0.00707072
0.00705748
0.00699831
0.00688713
0.00672236
0.00650165
0.00622703
0.00590396
0.00553936
0.0051405
0.00471414
0.00426614
0.00380138
0.00332394
0.00283687
0.00234351
0.00184298
0.00135005
0.000812962
0.000479861
0.00709514
0.00708541
0.00703582
0.0069323
0.00676905
0.00654612
0.00626766
0.00593958
0.00556939
0.00516507
0.00473379
0.00428155
0.0038133
0.00333308
0.00284381
0.00234867
0.00184659
0.00135207
0.000813587
0.000478046
0.00713746
0.00713785
0.00711246
0.00702569
0.0068635
0.00663284
0.0063428
0.00600122
0.00561771
0.00520185
0.00476117
0.00430159
0.00382786
0.00334375
0.00285175
0.00235457
0.0018507
0.00135398
0.000813509
0.000473105
0.00718091
0.00720932
0.00723681
0.00718136
0.00702586
0.00679269
0.00649262
0.0061333
0.00572875
0.00529235
0.00483314
0.00435763
0.00387099
0.00337688
0.00287739
0.00237445
0.00186586
0.00136384
0.000818737
0.000465769
0.00718352
0.00728662
0.007418
0.00737516
0.00717363
0.00689528
0.00656044
0.00617307
0.00574787
0.00529805
0.0048309
0.00435161
0.0038644
0.00337195
0.0028754
0.00237554
0.0018694
0.00136636
0.000820549
0.000447634
0.00706197
0.00736618
0.0078128
0.00796207
0.00783283
0.00754304
0.00713866
0.0066595
0.00614424
0.00561315
0.00507559
0.00453854
0.00400647
0.00348068
0.00296025
0.0024433
0.00192488
0.00140759
0.000852665
0.000424728
0.00668207
0.00728502
0.00738559
0.00707393
0.00684371
0.00665202
0.00636455
0.00599847
0.00559966
0.00517892
0.00473754
0.00428198
0.00381849
0.00334969
0.00287603
0.00239614
0.00190726
0.00140419
0.000869463
0.000366081
0.0052176
0.0112158
0.0135296
0.0128545
0.0116681
0.0105608
0.00945497
0.008385
0.00740986
0.00653271
0.00573828
0.00501492
0.00435126
0.00373455
0.00315331
0.00259571
0.00205489
0.00150564
0.000967303
0.000297668
-0.0104217
-0.00679444
-0.00228742
0.000968299
0.002831
0.00382901
0.00435032
0.0045923
0.00462556
0.00449413
0.00425037
0.00393739
0.00357987
0.00319093
0.00278022
0.00235089
0.00191411
0.00143564
0.00100721
0.000204477
0.0624093
0.0429969
0.0281462
0.0212116
0.0173084
0.0139631
0.0112195
0.00921353
0.00771584
0.00650484
0.00548587
0.00461522
0.00385361
0.00316791
0.00253884
0.0019531
0.00142236
0.000908551
0.000595228
-0.000157289
0.061876
0.0424144
0.0275479
0.0206319
0.0167586
0.0134426
0.010727
0.00875018
0.00728447
0.00610816
0.00512666
0.00429695
0.00358049
0.00294456
0.00236976
0.00184228
0.00137035
0.000915173
0.000627577
-6.46545e-05
-0.0109675
-0.00736858
-0.00288706
0.000352776
0.00220168
0.00318636
0.00369553
0.00392699
0.00395121
0.00381207
0.00356243
0.00324682
0.0028918
0.00251252
0.00212075
0.00172238
0.00133157
0.00092454
0.000598229
2.14156e-05
0.00469737
0.0106727
0.0129731
0.0122995
0.0111224
0.0100268
0.00893252
0.00787252
0.00690561
0.00603546
0.00524765
0.00453182
0.00387837
0.00327661
0.00271738
0.00219189
0.00169639
0.00121367
0.000759827
0.000240049
0.00616215
0.00673486
0.00681309
0.00648886
0.00624989
0.00605285
0.00576444
0.00540168
0.00500972
0.00459866
0.00416939
0.00372842
0.00328271
0.00283623
0.00239131
0.00194934
0.00151061
0.0010766
0.000631772
0.000268187
0.00654875
0.00682582
0.00725433
0.00739475
0.00725982
0.00696813
0.00656676
0.00609507
0.00559092
0.00507402
0.00455345
0.00403612
0.00352687
0.00302784
0.00253948
0.00206202
0.00159288
0.00113907
0.000664602
0.00033267
0.0066751
0.00674939
0.00686158
0.00680992
0.00660291
0.00632233
0.00598965
0.00560863
0.00519349
0.00475725
0.00430726
0.00384891
0.00338678
0.00292424
0.00246332
0.00200621
0.00155145
0.00111089
0.000642834
0.000344538
0.00667791
0.00667682
0.00668536
0.00662195
0.00646148
0.00622621
0.00592861
0.00557638
0.00518304
0.00476171
0.00432141
0.0038688
0.00340932
0.00294715
0.00248506
0.00202597
0.0015687
0.00112668
0.000655119
0.000360141
0.00663943
0.00660949
0.00656472
0.00647003
0.00630301
0.00607041
0.00578302
0.00544877
0.00507673
0.00467621
0.00425482
0.00381863
0.00337276
0.00292141
0.00246765
0.0020149
0.00156234
0.00112427
0.000654991
0.000364681
0.0066009
0.00656027
0.00649104
0.00637969
0.00621183
0.00598715
0.00571152
0.00539103
0.00503265
0.00464414
0.00423268
0.00380442
0.00336459
0.00291763
0.00246695
0.0020163
0.00156514
0.00112808
0.0006589
0.000369002
0.00657852
0.00653411
0.00645513
0.00633613
0.00616682
0.00594441
0.0056727
0.0053573
0.00500465
0.00462174
0.00421538
0.00379153
0.00335537
0.00291136
0.00246297
0.00201408
0.00156424
0.00112822
0.000659589
0.000370465
0.00657852
0.00653411
0.00645513
0.00633613
0.00616682
0.00594441
0.0056727
0.0053573
0.00500465
0.00462174
0.00421538
0.00379153
0.00335537
0.00291136
0.00246297
0.00201408
0.00156424
0.00112822
0.000659589
0.000370465
0.0066009
0.00656027
0.00649104
0.00637969
0.00621183
0.00598715
0.00571152
0.00539103
0.00503265
0.00464414
0.00423268
0.00380442
0.00336459
0.00291763
0.00246695
0.0020163
0.00156514
0.00112808
0.0006589
0.000369001
0.00663943
0.00660949
0.00656472
0.00647003
0.00630301
0.00607041
0.00578303
0.00544877
0.00507673
0.00467621
0.00425482
0.00381863
0.00337276
0.00292141
0.00246765
0.0020149
0.00156234
0.00112427
0.000654991
0.000364681
0.00667791
0.00667682
0.00668536
0.00662195
0.00646148
0.00622621
0.00592861
0.00557639
0.00518304
0.00476172
0.00432142
0.0038688
0.00340932
0.00294715
0.00248505
0.00202596
0.0015687
0.00112668
0.000655118
0.00036014
0.0066751
0.00674939
0.00686159
0.00680992
0.00660291
0.00632234
0.00598965
0.00560863
0.00519349
0.00475725
0.00430726
0.00384891
0.00338678
0.00292424
0.00246332
0.00200621
0.00155145
0.00111089
0.000642833
0.000344537
0.00654875
0.00682582
0.00725433
0.00739476
0.00725982
0.00696813
0.00656677
0.00609507
0.00559092
0.00507402
0.00455345
0.00403612
0.00352687
0.00302784
0.00253948
0.00206202
0.00159288
0.00113907
0.000664601
0.000332669
0.00616215
0.00673486
0.00681309
0.00648887
0.00624989
0.00605286
0.00576445
0.00540168
0.00500972
0.00459866
0.00416939
0.00372843
0.00328271
0.00283623
0.00239131
0.00194933
0.00151061
0.00107659
0.000631769
0.000268186
0.00469737
0.0106727
0.0129731
0.0122995
0.0111224
0.0100268
0.00893252
0.00787252
0.00690561
0.00603546
0.00524765
0.00453182
0.00387837
0.0032766
0.00271738
0.00219189
0.00169639
0.00121366
0.000759824
0.000240048
-0.0109675
-0.00736858
-0.00288705
0.000352781
0.00220168
0.00318636
0.00369553
0.00392699
0.00395122
0.00381207
0.00356243
0.00324682
0.0028918
0.00251251
0.00212075
0.00172237
0.00133156
0.000924536
0.000598224
2.14106e-05
0.061876
0.0424144
0.0275479
0.0206319
0.0167586
0.0134426
0.010727
0.00875018
0.00728447
0.00610817
0.00512666
0.00429696
0.0035805
0.00294456
0.00236976
0.00184228
0.00137035
0.00091518
0.000627587
-6.46485e-05
0.0614313
0.0419586
0.0270938
0.020192
0.0163364
0.013038
0.010341
0.00838593
0.00694519
0.00579677
0.00484585
0.00404953
0.00336936
0.00277255
0.00223935
0.00175538
0.00132651
0.000912338
0.000647765
-1.97913e-05
-0.0114109
-0.00781741
-0.00333587
-9.08194e-05
0.00176311
0.00275208
0.00326628
0.00350449
0.00353737
0.00340864
0.00317118
0.00286973
0.0025312
0.00217118
0.00180204
0.00143072
0.00107263
0.000708806
0.000436765
-3.6892e-05
0.00426024
0.0102282
0.0125282
0.0118626
0.0106973
0.00961563
0.00853688
0.0074935
0.00654404
0.00569213
0.00492341
0.00422778
0.00359609
0.00301822
0.00248573
0.00199094
0.00153096
0.00109187
0.000684006
0.000234993
0.00572616
0.00628978
0.00636482
0.00604335
0.00580921
0.00561855
0.00533867
0.00498687
0.00460843
0.00421345
0.00380273
0.00338273
0.00296044
0.00254003
0.00212422
0.00171512
0.00131383
0.000924029
0.000529426
0.000231128
0.00611597
0.00638426
0.00680997
0.00695363
0.00682441
0.00654063
0.00614984
0.0056913
0.0052027
0.00470374
0.0042035
0.00370892
0.00322493
0.00275385
0.00229637
0.0018532
0.00142221
0.00101107
0.000584367
0.000296113
0.00624473
0.00630944
0.00641805
0.0063688
0.00616654
0.00589291
0.00557001
0.00520159
0.00480169
0.0043833
0.00395382
0.00351867
0.0030825
0.00264877
0.00221968
0.00179765
0.00138144
0.000982635
0.000561957
0.000298339
0.00624992
0.00623868
0.00624334
0.00618217
0.00602617
0.00579753
0.00550962
0.00517018
0.00479251
0.00438968
0.00397068
0.00354215
0.0031095
0.00267697
0.00224736
0.00182368
0.00140481
0.00100338
0.000577887
0.000310876
0.00621347
0.00617275
0.00612366
0.00603093
0.00586805
0.00564178
0.0053639
0.00504243
0.0046862
0.00430444
0.00390469
0.00349298
0.00307435
0.00265297
0.00223191
0.00181454
0.00140006
0.00100169
0.000577627
0.000312528
0.00617644
0.00612458
0.00605071
0.00594117
0.00577731
0.0055588
0.00529258
0.00498486
0.00464241
0.00427288
0.00388337
0.00347994
0.0030677
0.00265101
0.0022332
0.00181792
0.00140457
0.0010066
0.000581929
0.000315754
0.00615487
0.00609896
0.00601518
0.00589789
0.00573249
0.00551617
0.00525381
0.00495118
0.0046145
0.00425066
0.00386638
0.00346751
0.00305909
0.00264545
0.00222999
0.00181643
0.00140426
0.00100701
0.000582549
0.000316643
0.00615487
0.00609896
0.00601518
0.00589789
0.00573249
0.00551617
0.00525381
0.00495118
0.0046145
0.00425067
0.00386638
0.00346751
0.00305909
0.00264545
0.00222999
0.00181643
0.00140426
0.00100701
0.000582549
0.000316643
0.00617644
0.00612458
0.00605071
0.00594117
0.00577731
0.0055588
0.00529258
0.00498487
0.00464241
0.00427288
0.00388337
0.00347994
0.0030677
0.00265101
0.0022332
0.00181792
0.00140457
0.0010066
0.000581929
0.000315754
0.00621347
0.00617275
0.00612366
0.00603093
0.00586806
0.00564178
0.0053639
0.00504243
0.0046862
0.00430444
0.0039047
0.00349298
0.00307435
0.00265297
0.00223191
0.00181454
0.00140006
0.00100168
0.000577627
0.000312528
0.00624992
0.00623868
0.00624334
0.00618217
0.00602617
0.00579753
0.00550962
0.00517018
0.00479251
0.00438968
0.00397068
0.00354215
0.0031095
0.00267697
0.00224736
0.00182367
0.00140481
0.00100338
0.000577887
0.000310876
0.00624473
0.00630944
0.00641805
0.0063688
0.00616654
0.00589291
0.00557001
0.0052016
0.00480169
0.00438331
0.00395383
0.00351867
0.0030825
0.00264877
0.00221968
0.00179765
0.00138144
0.000982634
0.000561956
0.000298339
0.00611597
0.00638426
0.00680997
0.00695363
0.00682442
0.00654064
0.00614984
0.0056913
0.00520271
0.00470375
0.0042035
0.00370892
0.00322493
0.00275385
0.00229637
0.0018532
0.00142221
0.00101107
0.000584366
0.000296113
0.00572616
0.00628979
0.00636483
0.00604335
0.00580922
0.00561856
0.00533867
0.00498688
0.00460844
0.00421345
0.00380273
0.00338273
0.00296044
0.00254003
0.00212422
0.00171512
0.00131383
0.000924028
0.000529424
0.000231127
0.00426024
0.0102282
0.0125282
0.0118626
0.0106973
0.00961564
0.00853689
0.00749351
0.00654405
0.00569213
0.00492341
0.00422778
0.00359609
0.00301822
0.00248573
0.00199093
0.00153096
0.00109187
0.000684005
0.000234992
-0.0114109
-0.00781741
-0.00333586
-9.08146e-05
0.00176311
0.00275208
0.00326629
0.0035045
0.00353738
0.00340865
0.00317118
0.00286973
0.0025312
0.00217118
0.00180204
0.00143072
0.00107263
0.000708807
0.000436763
-3.68943e-05
0.0614313
0.0419586
0.0270938
0.020192
0.0163364
0.013038
0.010341
0.00838593
0.00694519
0.00579677
0.00484585
0.00404953
0.00336936
0.00277255
0.00223935
0.00175537
0.00132651
0.000912347
0.000647774
-1.97889e-05
0.0610926
0.0416227
0.0267661
0.0198762
0.0160338
0.012749
0.0100671
0.00812949
0.00670858
0.00558214
0.0046552
0.00388481
0.00323236
0.00266476
0.00216171
0.00170795
0.00130764
0.000918029
0.000667843
4.59422e-07
-0.0117464
-0.00814915
-0.00365982
-0.000404827
0.00145887
0.00245767
0.00298263
0.00323296
0.00327938
0.00316559
0.00294448
0.00266082
0.00234149
0.00200196
0.00165448
0.00130591
0.00097145
0.000633041
0.000386046
-4.71807e-05
0.00392644
0.00989666
0.012203
0.0115472
0.0103932
0.00932431
0.00825978
0.0072321
0.0062997
0.00546613
0.00471696
0.00404205
0.00343219
0.00287721
0.00236855
0.00189849
0.00146366
0.00105049
0.000664092
0.00024309
0.00539311
0.00595834
0.00603877
0.00572561
0.00550114
0.00532126
0.00505352
0.00471532
0.00435196
0.0039736
0.00358102
0.00318067
0.00277948
0.00238153
0.00198938
0.001605
0.00122909
0.000865206
0.000495153
0.000222291
0.00578418
0.00605373
0.00648446
0.00663623
0.00651681
0.00624437
0.00586659
0.00542265
0.00495012
0.00446866
0.00398734
0.00351309
0.0030508
0.00260273
0.00216944
0.00175139
0.00134606
0.000960302
0.000558087
0.000286485
0.00591389
0.00597938
0.00609246
0.00605073
0.00585764
0.00559476
0.00528439
0.00493019
0.00454606
0.00414497
0.00373431
0.00331946
0.00290503
0.00249439
0.00208957
0.00169268
0.00130211
0.000928234
0.000532643
0.000283023
0.00591994
0.00590909
0.0059179
0.00586399
0.00571691
0.00549885
0.00522343
0.00489829
0.00453657
0.00415127
0.00375136
0.00334341
0.00293277
0.00252352
0.0021183
0.00171973
0.00132636
0.000949375
0.000548904
0.000293708
0.00588417
0.00584348
0.00579825
0.00571256
0.00555835
0.00534243
0.0050769
0.00476966
0.00442938
0.0040652
0.00368463
0.00329362
0.0028971
0.00249909
0.00210243
0.0017101
0.00132093
0.00094667
0.000547613
0.000293657
0.00584764
0.00579552
0.00572532
0.00562268
0.00546736
0.00525909
0.00500514
0.00471163
0.00438515
0.00403326
0.00366303
0.0032804
0.00289038
0.00249714
0.00210376
0.00171347
0.00132531
0.000951251
0.000551507
0.000296136
0.00582631
0.00577001
0.00568979
0.00557934
0.00542241
0.00521625
0.00496611
0.00467767
0.00435697
0.00401081
0.00364583
0.00326781
0.00288165
0.00249149
0.00210046
0.00171185
0.00132481
0.000951381
0.00055181
0.000296631
0.00582631
0.00577001
0.00568979
0.00557934
0.00542241
0.00521625
0.00496611
0.00467767
0.00435697
0.00401081
0.00364583
0.00326781
0.00288165
0.00249149
0.00210046
0.00171185
0.00132481
0.000951381
0.00055181
0.000296631
0.00584764
0.00579552
0.00572532
0.00562269
0.00546736
0.00525909
0.00500514
0.00471163
0.00438515
0.00403327
0.00366303
0.0032804
0.00289038
0.00249714
0.00210376
0.00171347
0.00132531
0.00095125
0.000551507
0.000296136
0.00588417
0.00584348
0.00579825
0.00571256
0.00555835
0.00534243
0.0050769
0.00476966
0.00442938
0.00406521
0.00368464
0.00329362
0.0028971
0.00249909
0.00210243
0.00171009
0.00132093
0.00094667
0.000547613
0.000293657
0.00591994
0.00590909
0.0059179
0.005864
0.00571691
0.00549885
0.00522343
0.00489829
0.00453657
0.00415127
0.00375136
0.00334341
0.00293277
0.00252352
0.0021183
0.00171973
0.00132636
0.000949375
0.000548904
0.000293708
0.00591389
0.00597938
0.00609246
0.00605073
0.00585764
0.00559476
0.0052844
0.0049302
0.00454607
0.00414498
0.00373431
0.00331946
0.00290503
0.00249439
0.00208957
0.00169268
0.00130211
0.000928233
0.000532643
0.000283023
0.00578418
0.00605374
0.00648446
0.00663623
0.00651682
0.00624437
0.0058666
0.00542266
0.00495013
0.00446866
0.00398734
0.00351309
0.0030508
0.00260273
0.00216944
0.00175139
0.00134606
0.000960302
0.000558087
0.000286485
0.00539311
0.00595834
0.00603877
0.00572562
0.00550114
0.00532127
0.00505353
0.00471533
0.00435197
0.0039736
0.00358102
0.00318067
0.00277948
0.00238153
0.00198938
0.001605
0.00122909
0.000865205
0.000495152
0.000222291
0.00392644
0.00989666
0.012203
0.0115472
0.0103933
0.00932432
0.00825979
0.00723211
0.00629971
0.00546613
0.00471697
0.00404206
0.00343219
0.00287721
0.00236855
0.00189849
0.00146366
0.00105049
0.000664091
0.00024309
-0.0117464
-0.00814915
-0.00365982
-0.000404822
0.00145887
0.00245768
0.00298264
0.00323297
0.00327938
0.0031656
0.00294449
0.00266083
0.00234149
0.00200196
0.00165448
0.00130591
0.000971452
0.000633044
0.000386044
-4.71823e-05
0.0610926
0.0416228
0.0267661
0.0198762
0.0160338
0.012749
0.0100672
0.00812949
0.00670859
0.00558214
0.0046552
0.00388481
0.00323236
0.00266476
0.00216171
0.00170795
0.00130764
0.000918042
0.000667851
4.58998e-07
0.0608544
0.0413914
0.0265439
0.0196638
0.0158319
0.0125583
0.00988885
0.00796495
0.00655913
0.00544895
0.00453934
0.00378721
0.00315372
0.00260543
0.00212149
0.00168586
0.00130158
0.000924207
0.00068032
8.25987e-06
-0.0119816
-0.00837763
-0.00387938
-0.000615009
0.00125804
0.0022668
0.00280265
0.00306484
0.00312403
0.00302383
0.00281705
0.00254838
0.00224451
0.00192067
0.00158874
0.00125517
0.000934606
0.000608795
0.000371407
-4.73735e-05
0.00369226
0.00966824
0.0119826
0.0113358
0.0101917
0.00913355
0.00808091
0.00706618
0.00614768
0.00532887
0.00459521
0.0039364
0.00334302
0.00280466
0.0023124
0.0018581
0.0014377
0.00103736
0.000659205
0.000248498
0.00515962
0.00573041
0.00581851
0.00551406
0.00529914
0.00512976
0.0048735
0.00454772
0.00419767
0.00383342
0.00345568
0.00307077
0.00268542
0.0023035
0.00192723
0.00155817
0.00119645
0.000845201
0.000484865
0.000220616
0.00555124
0.0058261
0.00626421
0.00642452
0.00631472
0.00605298
0.00568702
0.00525589
0.00479705
0.00433007
0.00386391
0.00340536
0.00295914
0.00252726
0.00210999
0.00170739
0.00131639
0.00094313
0.000550976
0.000284404
0.00568132
0.00575186
0.00587207
0.00583864
0.00565493
0.00540256
0.00510383
0.00476227
0.00439165
0.00400487
0.00360919
0.00320988
0.00281135
0.00241674
0.00202779
0.00164619
0.00126987
0.000908354
0.000523437
0.000278173
0.00568764
0.00568165
0.00569741
0.00565168
0.00551388
0.0053063
0.00504254
0.0047301
0.00438196
0.00401103
0.00362615
0.00323377
0.00283903
0.0024458
0.0020564
0.00167304
0.00129386
0.00092913
0.000539591
0.000288085
0.00565207
0.00561605
0.00557764
0.00550001
0.005355
0.00514948
0.00489556
0.00460098
0.00427426
0.00392442
0.00355887
0.00318338
0.00280271
0.00242066
0.00203974
0.00166254
0.00128751
0.000925471
0.000537571
0.000287244
0.00561565
0.00556808
0.00550461
0.00540999
0.00526379
0.00506588
0.00482352
0.00454267
0.00422976
0.00389223
0.00353702
0.00316992
0.00279574
0.00241842
0.00204075
0.00166554
0.0012915
0.00092963
0.000541159
0.000289387
0.00559439
0.00554257
0.00546902
0.00536656
0.00521872
0.00502291
0.00478434
0.00450856
0.00420142
0.00386961
0.00351965
0.00315715
0.00278682
0.00241256
0.00203721
0.00166367
0.00129072
0.000929481
0.000541243
0.000289691
0.00559439
0.00554257
0.00546902
0.00536656
0.00521873
0.00502291
0.00478434
0.00450856
0.00420142
0.00386961
0.00351965
0.00315715
0.00278682
0.00241256
0.00203721
0.00166367
0.00129072
0.000929481
0.000541243
0.000289691
0.00561565
0.00556808
0.00550461
0.00540999
0.00526379
0.00506588
0.00482352
0.00454268
0.00422976
0.00389223
0.00353702
0.00316992
0.00279574
0.00241842
0.00204075
0.00166554
0.0012915
0.000929629
0.000541159
0.000289387
0.00565207
0.00561605
0.00557764
0.00550002
0.005355
0.00514948
0.00489556
0.00460098
0.00427426
0.00392443
0.00355887
0.00318338
0.00280271
0.00242066
0.00203974
0.00166254
0.00128751
0.000925471
0.000537571
0.000287244
0.00568764
0.00568165
0.00569741
0.00565168
0.00551388
0.0053063
0.00504254
0.0047301
0.00438196
0.00401103
0.00362616
0.00323377
0.00283904
0.0024458
0.0020564
0.00167304
0.00129386
0.00092913
0.000539591
0.000288085
0.00568132
0.00575186
0.00587207
0.00583864
0.00565493
0.00540256
0.00510384
0.00476227
0.00439165
0.00400487
0.00360919
0.00320988
0.00281135
0.00241674
0.00202779
0.00164619
0.00126987
0.000908353
0.000523437
0.000278173
0.00555124
0.0058261
0.00626422
0.00642453
0.00631472
0.00605299
0.00568703
0.00525589
0.00479705
0.00433007
0.00386391
0.00340536
0.00295914
0.00252726
0.00210999
0.00170739
0.00131639
0.00094313
0.000550975
0.000284404
0.00515962
0.00573041
0.00581851
0.00551406
0.00529915
0.00512976
0.00487351
0.00454773
0.00419767
0.00383342
0.00345569
0.00307077
0.00268543
0.0023035
0.00192723
0.00155817
0.00119645
0.0008452
0.000484864
0.000220616
0.00369226
0.00966824
0.0119826
0.0113358
0.0101917
0.00913356
0.00808092
0.00706618
0.00614768
0.00532887
0.00459521
0.0039364
0.00334302
0.00280466
0.0023124
0.0018581
0.0014377
0.00103736
0.000659203
0.000248498
-0.0119816
-0.00837763
-0.00387938
-0.000615004
0.00125805
0.0022668
0.00280266
0.00306485
0.00312403
0.00302383
0.00281706
0.00254838
0.00224451
0.00192067
0.00158873
0.00125517
0.00093461
0.000608798
0.000371403
-4.73761e-05
0.0608544
0.0413914
0.0265439
0.0196638
0.0158319
0.0125583
0.00988886
0.00796496
0.00655914
0.00544896
0.00453935
0.00378721
0.00315373
0.00260543
0.00212148
0.00168585
0.00130158
0.000924224
0.000680323
8.25427e-06
0.0607048
0.0412483
0.0264082
0.0195352
0.0157108
0.0124454
0.00978487
0.00787056
0.00647495
0.00537549
0.00447699
0.00373622
0.00311413
0.00257697
0.00210348
0.00167714
0.00130037
0.000927959
0.000685974
1.06928e-05
-0.0121286
-0.00851865
-0.00401323
-0.000741863
0.00113818
0.00215453
0.00269867
0.00296974
0.00303827
0.00294779
0.00275099
0.00249241
0.00219856
0.00188441
0.00156153
0.00123603
0.000922179
0.000601555
0.000367218
-4.67848e-05
0.00354595
0.00952742
0.0118485
0.0112085
0.0100715
0.00902125
0.00797718
0.00697161
0.00606277
0.00525401
0.00453069
0.00388231
0.00329927
0.00277089
0.00228795
0.00184195
0.00142842
0.00103337
0.000657809
0.000250648
0.00501397
0.00559023
0.00568487
0.00538712
0.00517941
0.0050179
0.00477015
0.00445341
0.00411284
0.00375844
0.00339079
0.00301603
0.00264073
0.00226848
0.00190123
0.00154023
0.00118521
0.000839142
0.000481927
0.000220209
0.00540594
0.00568617
0.00613068
0.00629763
0.00619507
0.0059413
0.00558395
0.00516197
0.00471275
0.00425573
0.00379976
0.00335146
0.00291535
0.00249322
0.00208504
0.00169056
0.00130638
0.000938301
0.000549454
0.000283874
0.00553621
0.00561205
0.00573858
0.00571173
0.00553521
0.00529077
0.00500061
0.00466814
0.00430706
0.00393014
0.00354454
0.00315535
0.00276681
0.00238183
0.00200185
0.00162828
0.00125873
0.000902359
0.000521048
0.000276485
0.00554264
0.00554188
0.00556391
0.00552473
0.00539411
0.00519448
0.00493932
0.004636
0.00429742
0.00393636
0.00356156
0.00317927
0.00279449
0.00241082
0.00203034
0.00165497
0.00128256
0.000922971
0.000537195
0.000286124
0.00550713
0.00547628
0.0054441
0.005373
0.00523515
0.00503757
0.00479225
0.00450678
0.00418959
0.00384961
0.00349407
0.00312863
0.00275785
0.0023853
0.00201325
0.00164398
0.00127571
0.000918826
0.000534828
0.000284943
0.00547074
0.00542831
0.00537103
0.00528292
0.00514389
0.00495391
0.00472015
0.00444843
0.00414505
0.00381736
0.00347216
0.00311509
0.00275076
0.00238291
0.00201407
0.00164678
0.00127948
0.000922785
0.000538292
0.000286957
0.00544949
0.00540278
0.00533542
0.00523946
0.00509878
0.0049109
0.00468093
0.00441427
0.00411667
0.00379469
0.00345473
0.00310225
0.00274175
0.00237694
0.0020104
0.00164476
0.00127856
0.000922498
0.000538278
0.000287178
0.00544949
0.00540278
0.00533542
0.00523946
0.00509879
0.0049109
0.00468093
0.00441427
0.00411667
0.0037947
0.00345474
0.00310225
0.00274175
0.00237694
0.0020104
0.00164476
0.00127856
0.000922498
0.000538278
0.000287178
0.00547074
0.00542831
0.00537104
0.00528292
0.00514389
0.00495391
0.00472015
0.00444843
0.00414506
0.00381736
0.00347216
0.00311509
0.00275076
0.00238291
0.00201407
0.00164678
0.00127948
0.000922785
0.000538292
0.000286957
0.00550713
0.00547629
0.0054441
0.005373
0.00523516
0.00503757
0.00479225
0.00450679
0.0041896
0.00384961
0.00349407
0.00312864
0.00275785
0.0023853
0.00201325
0.00164398
0.00127571
0.000918826
0.000534828
0.000284943
0.00554264
0.00554188
0.00556392
0.00552473
0.00539412
0.00519449
0.00493932
0.00463601
0.00429742
0.00393636
0.00356156
0.00317928
0.00279449
0.00241082
0.00203034
0.00165497
0.00128256
0.000922971
0.000537195
0.000286124
0.00553621
0.00561205
0.00573858
0.00571173
0.00553522
0.00529078
0.00500062
0.00466815
0.00430706
0.00393014
0.00354454
0.00315536
0.00276681
0.00238183
0.00200185
0.00162828
0.00125873
0.000902358
0.000521047
0.000276485
0.00540594
0.00568617
0.00613068
0.00629764
0.00619507
0.00594131
0.00558395
0.00516198
0.00471275
0.00425574
0.00379976
0.00335146
0.00291536
0.00249322
0.00208504
0.00169056
0.00130638
0.0009383
0.000549454
0.000283874
0.00501397
0.00559023
0.00568487
0.00538713
0.00517942
0.00501791
0.00477015
0.00445342
0.00411285
0.00375845
0.00339079
0.00301603
0.00264073
0.00226848
0.00190123
0.00154023
0.00118521
0.000839141
0.000481926
0.00022021
0.00354595
0.00952743
0.0118485
0.0112085
0.0100715
0.00902125
0.00797719
0.00697161
0.00606278
0.00525402
0.00453069
0.00388231
0.00329927
0.00277089
0.00228795
0.00184195
0.00142842
0.00103337
0.000657805
0.000250648
-0.0121286
-0.00851864
-0.00401322
-0.000741858
0.00113819
0.00215454
0.00269868
0.00296975
0.00303828
0.00294779
0.00275099
0.00249242
0.00219857
0.00188441
0.00156153
0.00123604
0.000922185
0.000601553
0.000367206
-4.67894e-05
0.0607048
0.0412483
0.0264082
0.0195352
0.0157108
0.0124454
0.00978487
0.00787056
0.00647496
0.00537549
0.00447699
0.00373622
0.00311414
0.00257697
0.00210348
0.00167714
0.00130039
0.000927975
0.00068596
1.06764e-05
0.0606331
0.0411803
0.0263443
0.019475
0.0156546
0.0123936
0.00973768
0.0078283
0.00643783
0.00534367
0.00445057
0.00371519
0.00309836
0.00256615
0.00209712
0.00167449
0.00130048
0.000929618
0.000687978
1.13118e-05
-0.0121988
-0.00858539
-0.00407606
-0.000801005
0.00108274
0.00210314
0.00265167
0.0029274
0.00300076
0.00291524
0.00272345
0.00246983
0.00218076
0.00187106
0.00155215
0.00122997
0.000918623
0.000599678
0.000366086
-4.65402e-05
0.0034761
0.00946077
0.0117855
0.0111491
0.010016
0.00896984
0.00793025
0.00692941
0.00602549
0.00522178
0.00450354
0.0038602
0.00328201
0.00275816
0.00227925
0.00183664
0.00142567
0.00103234
0.000657403
0.000251289
0.00494454
0.00552402
0.00562231
0.00532815
0.00512427
0.00496691
0.00472361
0.00441156
0.00407585
0.00372642
0.00336377
0.00299394
0.00262337
0.00225553
0.00189221
0.0015345
0.00118199
0.000837606
0.000481173
0.000220062
0.00533671
0.00562013
0.00606824
0.00623876
0.00614003
0.00589046
0.00553759
0.00512032
0.00467598
0.00422396
0.00377301
0.00332967
0.00289832
0.00248062
0.0020764
0.00168525
0.00130362
0.00093726
0.000549252
0.000283699
0.0054671
0.00554612
0.00567624
0.00565294
0.00548027
0.00524002
0.00495433
0.00462655
0.00427032
0.00389835
0.00351772
0.00313343
0.0027496
0.00236899
0.00199293
0.00162265
0.00125565
0.000900986
0.000520608
0.000275923
0.0054736
0.00547601
0.00550162
0.00546598
0.00533922
0.00514379
0.00489312
0.0045945
0.00426077
0.00390466
0.00353482
0.00315741
0.00277731
0.00239799
0.00202141
0.00164932
0.00127947
0.000921594
0.0005368
0.000285489
0.00543811
0.00541043
0.00538182
0.00531427
0.00518028
0.00498691
0.00474608
0.00446531
0.00415297
0.00381791
0.00346731
0.00310672
0.00274059
0.00237235
0.00200417
0.00163817
0.00127246
0.000917294
0.000534324
0.000284191
0.00540173
0.00536245
0.00530876
0.0052242
0.00508903
0.00490326
0.004674
0.00440698
0.00410845
0.00378569
0.00344541
0.00309317
0.00273348
0.00236994
0.00200494
0.00164091
0.00127617
0.000921205
0.000537763
0.000286168
0.00538048
0.00533692
0.00527314
0.00518074
0.00504392
0.00486025
0.00463478
0.00437283
0.00408007
0.00376302
0.00342798
0.00308032
0.00272445
0.00236393
0.00200124
0.00163885
0.0012752
0.000920876
0.00053772
0.000286362
0.00538048
0.00533692
0.00527314
0.00518074
0.00504392
0.00486025
0.00463478
0.00437284
0.00408007
0.00376302
0.00342798
0.00308032
0.00272445
0.00236393
0.00200124
0.00163885
0.0012752
0.000920876
0.00053772
0.000286362
0.00540173
0.00536245
0.00530876
0.0052242
0.00508903
0.00490326
0.004674
0.00440698
0.00410845
0.00378569
0.00344541
0.00309317
0.00273348
0.00236994
0.00200494
0.00164091
0.00127617
0.000921204
0.000537762
0.000286168
0.00543811
0.00541043
0.00538182
0.00531428
0.00518029
0.00498691
0.00474608
0.00446532
0.00415297
0.00381791
0.00346731
0.00310672
0.00274059
0.00237235
0.00200417
0.00163817
0.00127246
0.000917294
0.000534324
0.000284191
0.0054736
0.00547601
0.00550162
0.00546599
0.00533922
0.0051438
0.00489312
0.00459451
0.00426078
0.00390467
0.00353482
0.00315742
0.00277731
0.00239799
0.00202141
0.00164932
0.00127946
0.000921594
0.0005368
0.000285489
0.0054671
0.00554612
0.00567624
0.00565294
0.00548027
0.00524003
0.00495434
0.00462655
0.00427032
0.00389835
0.00351773
0.00313344
0.0027496
0.00236899
0.00199293
0.00162265
0.00125565
0.000900986
0.000520608
0.000275923
0.00533672
0.00562014
0.00606825
0.00623876
0.00614004
0.00589046
0.00553759
0.00512033
0.00467599
0.00422397
0.00377302
0.00332967
0.00289832
0.00248062
0.0020764
0.00168525
0.00130362
0.000937259
0.000549252
0.000283699
0.00494454
0.00552403
0.00562232
0.00532816
0.00512427
0.00496692
0.00472362
0.00441156
0.00407586
0.00372642
0.00336377
0.00299394
0.00262337
0.00225553
0.00189221
0.0015345
0.00118198
0.000837604
0.000481172
0.000220062
0.0034761
0.00946077
0.0117855
0.0111491
0.010016
0.00896985
0.00793026
0.00692942
0.0060255
0.00522178
0.00450354
0.0038602
0.00328201
0.00275816
0.00227925
0.00183664
0.00142566
0.00103233
0.000657399
0.00025129
-0.0121988
-0.00858539
-0.00407606
-0.000800999
0.00108275
0.00210315
0.00265168
0.0029274
0.00300077
0.00291525
0.00272346
0.00246983
0.00218076
0.00187106
0.00155215
0.00122998
0.000918629
0.000599662
0.000366065
-4.65446e-05
0.0606331
0.0411803
0.0263443
0.019475
0.0156546
0.0123936
0.00973769
0.00782831
0.00643784
0.00534368
0.00445058
0.0037152
0.00309837
0.00256615
0.00209711
0.0016745
0.0013005
0.000929614
0.000687932
1.12843e-05
0.0606331
0.0411803
0.0263443
0.019475
0.0156546
0.0123936
0.00973768
0.0078283
0.00643783
0.00534367
0.00445057
0.00371519
0.00309836
0.00256615
0.00209712
0.00167449
0.00130049
0.000929635
0.000687978
1.13032e-05
-0.0121988
-0.00858539
-0.00407606
-0.000801005
0.00108274
0.00210314
0.00265167
0.0029274
0.00300076
0.00291524
0.00272345
0.00246983
0.00218076
0.00187106
0.00155215
0.00122997
0.000918631
0.000599682
0.000366078
-4.65453e-05
0.0034761
0.00946077
0.0117855
0.0111491
0.010016
0.00896984
0.00793025
0.00692941
0.00602549
0.00522178
0.00450354
0.0038602
0.00328201
0.00275816
0.00227925
0.00183664
0.00142567
0.00103234
0.0006574
0.000251289
0.00494454
0.00552402
0.00562231
0.00532815
0.00512426
0.00496691
0.00472361
0.00441156
0.00407585
0.00372642
0.00336377
0.00299394
0.00262337
0.00225553
0.00189221
0.0015345
0.00118199
0.000837606
0.000481173
0.000220062
0.00533671
0.00562013
0.00606824
0.00623876
0.00614003
0.00589046
0.00553759
0.00512032
0.00467598
0.00422396
0.00377301
0.00332967
0.00289832
0.00248062
0.0020764
0.00168525
0.00130362
0.000937261
0.000549253
0.0002837
0.0054671
0.00554612
0.00567624
0.00565294
0.00548027
0.00524002
0.00495433
0.00462655
0.00427032
0.00389835
0.00351772
0.00313343
0.0027496
0.00236899
0.00199293
0.00162265
0.00125565
0.000900986
0.000520608
0.000275923
0.0054736
0.00547601
0.00550162
0.00546598
0.00533922
0.00514379
0.00489312
0.0045945
0.00426077
0.00390466
0.00353482
0.00315741
0.00277731
0.00239799
0.00202141
0.00164932
0.00127947
0.000921594
0.0005368
0.000285489
0.00543811
0.00541043
0.00538182
0.00531427
0.00518028
0.00498691
0.00474608
0.00446531
0.00415297
0.00381791
0.00346731
0.00310672
0.00274059
0.00237235
0.00200417
0.00163817
0.00127246
0.000917294
0.000534324
0.000284191
0.00540173
0.00536245
0.00530876
0.0052242
0.00508903
0.00490326
0.004674
0.00440698
0.00410845
0.00378569
0.00344541
0.00309317
0.00273348
0.00236994
0.00200494
0.00164091
0.00127617
0.000921205
0.000537763
0.000286168
0.00538048
0.00533692
0.00527314
0.00518074
0.00504392
0.00486025
0.00463478
0.00437283
0.00408007
0.00376302
0.00342798
0.00308032
0.00272445
0.00236393
0.00200124
0.00163885
0.0012752
0.000920876
0.00053772
0.000286362
0.00538048
0.00533692
0.00527314
0.00518074
0.00504392
0.00486025
0.00463478
0.00437284
0.00408007
0.00376302
0.00342798
0.00308032
0.00272445
0.00236393
0.00200124
0.00163885
0.0012752
0.000920876
0.00053772
0.000286362
0.00540173
0.00536245
0.00530876
0.0052242
0.00508903
0.00490326
0.004674
0.00440698
0.00410845
0.00378569
0.00344541
0.00309317
0.00273348
0.00236994
0.00200494
0.00164091
0.00127617
0.000921204
0.000537762
0.000286168
0.00543811
0.00541043
0.00538182
0.00531428
0.00518029
0.00498691
0.00474608
0.00446532
0.00415297
0.00381791
0.00346731
0.00310672
0.00274059
0.00237235
0.00200417
0.00163817
0.00127246
0.000917294
0.000534324
0.000284191
0.0054736
0.00547601
0.00550162
0.00546599
0.00533922
0.0051438
0.00489312
0.00459451
0.00426078
0.00390467
0.00353482
0.00315742
0.00277731
0.00239799
0.00202141
0.00164932
0.00127946
0.000921594
0.0005368
0.000285489
0.0054671
0.00554612
0.00567624
0.00565294
0.00548027
0.00524003
0.00495434
0.00462656
0.00427032
0.00389835
0.00351773
0.00313344
0.0027496
0.00236899
0.00199293
0.00162265
0.00125565
0.000900986
0.000520608
0.000275923
0.00533672
0.00562014
0.00606825
0.00623876
0.00614004
0.00589046
0.00553759
0.00512033
0.00467599
0.00422397
0.00377302
0.00332967
0.00289832
0.00248062
0.0020764
0.00168525
0.00130362
0.000937259
0.000549252
0.000283699
0.00494454
0.00552403
0.00562232
0.00532816
0.00512427
0.00496692
0.00472362
0.00441156
0.00407586
0.00372642
0.00336377
0.00299394
0.00262337
0.00225553
0.00189221
0.0015345
0.00118198
0.000837603
0.000481173
0.000220062
0.0034761
0.00946077
0.0117855
0.0111491
0.010016
0.00896985
0.00793026
0.00692942
0.0060255
0.00522178
0.00450354
0.0038602
0.00328201
0.00275816
0.00227925
0.00183665
0.00142566
0.00103233
0.000657399
0.000251291
-0.0121988
-0.00858539
-0.00407606
-0.000800999
0.00108275
0.00210315
0.00265168
0.0029274
0.00300077
0.00291525
0.00272346
0.00246983
0.00218076
0.00187106
0.00155215
0.00122998
0.000918627
0.000599647
0.000366055
-4.65444e-05
0.0606331
0.0411803
0.0263443
0.019475
0.0156546
0.0123936
0.00973769
0.00782831
0.00643784
0.00534368
0.00445058
0.0037152
0.00309837
0.00256615
0.00209711
0.00167451
0.00130051
0.000929587
0.000687898
1.12768e-05
0.0607048
0.0412483
0.0264082
0.0195352
0.0157108
0.0124454
0.00978487
0.00787056
0.00647495
0.00537549
0.00447699
0.00373622
0.00311414
0.00257697
0.00210348
0.00167714
0.0013004
0.000928001
0.000685965
1.06671e-05
-0.0121286
-0.00851865
-0.00401323
-0.000741864
0.00113818
0.00215453
0.00269867
0.00296974
0.00303827
0.00294779
0.00275099
0.00249241
0.00219857
0.00188441
0.00156153
0.00123604
0.000922201
0.000601563
0.000367195
-4.67982e-05
0.00354594
0.00952742
0.0118485
0.0112085
0.0100715
0.00902125
0.00797718
0.00697161
0.00606277
0.00525401
0.00453069
0.00388231
0.00329927
0.00277089
0.00228795
0.00184196
0.00142843
0.00103337
0.000657801
0.000250648
0.00501397
0.00559023
0.00568487
0.00538712
0.00517941
0.0050179
0.00477015
0.00445341
0.00411284
0.00375844
0.00339079
0.00301603
0.00264073
0.00226848
0.00190123
0.00154023
0.00118521
0.000839141
0.000481927
0.000220211
0.00540594
0.00568617
0.00613068
0.00629763
0.00619507
0.0059413
0.00558395
0.00516197
0.00471275
0.00425573
0.00379976
0.00335146
0.00291536
0.00249322
0.00208504
0.00169056
0.00130638
0.000938302
0.000549455
0.000283875
0.00553621
0.00561205
0.00573858
0.00571172
0.00553521
0.00529077
0.00500061
0.00466814
0.00430706
0.00393014
0.00354454
0.00315535
0.00276681
0.00238183
0.00200185
0.00162828
0.00125873
0.000902359
0.000521048
0.000276485
0.00554264
0.00554188
0.00556391
0.00552473
0.00539411
0.00519448
0.00493932
0.004636
0.00429742
0.00393636
0.00356156
0.00317927
0.00279449
0.00241082
0.00203034
0.00165497
0.00128256
0.000922972
0.000537196
0.000286124
0.00550713
0.00547628
0.0054441
0.005373
0.00523515
0.00503757
0.00479225
0.00450678
0.0041896
0.00384961
0.00349407
0.00312863
0.00275785
0.0023853
0.00201325
0.00164398
0.00127571
0.000918826
0.000534829
0.000284943
0.00547074
0.00542831
0.00537103
0.00528292
0.00514389
0.00495391
0.00472015
0.00444843
0.00414505
0.00381736
0.00347216
0.00311509
0.00275076
0.00238291
0.00201407
0.00164678
0.00127948
0.000922785
0.000538292
0.000286957
0.00544949
0.00540278
0.00533542
0.00523946
0.00509878
0.0049109
0.00468093
0.00441427
0.00411667
0.00379469
0.00345473
0.00310225
0.00274175
0.00237694
0.0020104
0.00164476
0.00127856
0.000922498
0.000538278
0.000287178
0.00544949
0.00540278
0.00533542
0.00523946
0.00509879
0.0049109
0.00468093
0.00441427
0.00411667
0.0037947
0.00345474
0.00310225
0.00274175
0.00237694
0.0020104
0.00164476
0.00127856
0.000922498
0.000538278
0.000287178
0.00547074
0.00542831
0.00537104
0.00528292
0.00514389
0.00495391
0.00472015
0.00444843
0.00414506
0.00381736
0.00347216
0.00311509
0.00275076
0.00238291
0.00201407
0.00164678
0.00127948
0.000922785
0.000538292
0.000286957
0.00550713
0.00547629
0.0054441
0.005373
0.00523516
0.00503757
0.00479225
0.00450679
0.0041896
0.00384961
0.00349407
0.00312864
0.00275785
0.0023853
0.00201325
0.00164398
0.00127571
0.000918826
0.000534828
0.000284943
0.00554264
0.00554188
0.00556392
0.00552473
0.00539412
0.00519449
0.00493932
0.00463601
0.00429742
0.00393637
0.00356156
0.00317928
0.00279449
0.00241082
0.00203034
0.00165497
0.00128256
0.000922971
0.000537195
0.000286123
0.00553621
0.00561205
0.00573858
0.00571173
0.00553522
0.00529078
0.00500062
0.00466815
0.00430706
0.00393014
0.00354454
0.00315536
0.00276681
0.00238183
0.00200185
0.00162828
0.00125873
0.000902358
0.000521048
0.000276484
0.00540594
0.00568617
0.00613068
0.00629764
0.00619507
0.00594131
0.00558396
0.00516198
0.00471275
0.00425574
0.00379976
0.00335146
0.00291536
0.00249322
0.00208504
0.00169056
0.00130637
0.0009383
0.000549455
0.000283874
0.00501397
0.00559023
0.00568487
0.00538713
0.00517942
0.00501791
0.00477015
0.00445342
0.00411285
0.00375845
0.00339079
0.00301603
0.00264073
0.00226848
0.00190123
0.00154023
0.00118521
0.000839138
0.000481928
0.00022021
0.00354595
0.00952743
0.0118485
0.0112085
0.0100715
0.00902125
0.00797719
0.00697161
0.00606278
0.00525402
0.00453069
0.00388231
0.00329927
0.00277089
0.00228795
0.00184196
0.00142842
0.00103336
0.000657805
0.00025065
-0.0121286
-0.00851864
-0.00401322
-0.000741857
0.00113819
0.00215454
0.00269868
0.00296975
0.00303828
0.00294779
0.00275099
0.00249242
0.00219856
0.00188441
0.00156153
0.00123605
0.000922179
0.000601513
0.000367184
-4.67873e-05
0.0607048
0.0412483
0.0264082
0.0195352
0.0157108
0.0124454
0.00978487
0.00787056
0.00647496
0.00537549
0.00447699
0.00373622
0.00311413
0.00257696
0.00210348
0.00167717
0.0013004
0.000927901
0.000685879
1.06614e-05
0.0608544
0.0413914
0.0265439
0.0196638
0.0158319
0.0125583
0.00988885
0.00796495
0.00655913
0.00544895
0.00453934
0.00378721
0.00315373
0.00260543
0.00212148
0.00168586
0.00130163
0.000924255
0.000680288
8.21879e-06
-0.0119816
-0.00837763
-0.00387938
-0.000615009
0.00125804
0.0022668
0.00280265
0.00306484
0.00312403
0.00302383
0.00281705
0.00254838
0.00224451
0.00192066
0.00158873
0.00125518
0.000934637
0.000608797
0.000371372
-4.73908e-05
0.00369226
0.00966824
0.0119826
0.0113358
0.0101917
0.00913355
0.00808091
0.00706618
0.00614768
0.00532887
0.00459521
0.0039364
0.00334302
0.00280465
0.0023124
0.0018581
0.00143771
0.00103735
0.000659195
0.0002485
0.00515962
0.0057304
0.00581851
0.00551406
0.00529914
0.00512976
0.0048735
0.00454772
0.00419767
0.00383342
0.00345568
0.00307077
0.00268542
0.0023035
0.00192723
0.00155818
0.00119645
0.000845199
0.000484865
0.000220619
0.00555124
0.0058261
0.00626421
0.00642452
0.00631471
0.00605298
0.00568702
0.00525589
0.00479705
0.00433007
0.00386391
0.00340536
0.00295914
0.00252726
0.00210999
0.00170739
0.00131639
0.000943131
0.000550978
0.000284405
0.00568132
0.00575186
0.00587207
0.00583864
0.00565493
0.00540256
0.00510383
0.00476227
0.00439165
0.00400487
0.00360919
0.00320988
0.00281135
0.00241674
0.00202779
0.00164619
0.00126987
0.000908355
0.000523438
0.000278173
0.00568764
0.00568165
0.00569741
0.00565168
0.00551388
0.0053063
0.00504254
0.0047301
0.00438196
0.00401103
0.00362616
0.00323377
0.00283903
0.0024458
0.0020564
0.00167304
0.00129386
0.000929131
0.000539592
0.000288085
0.00565207
0.00561605
0.00557764
0.00550001
0.005355
0.00514948
0.00489556
0.00460098
0.00427426
0.00392442
0.00355887
0.00318338
0.00280271
0.00242066
0.00203974
0.00166254
0.00128752
0.000925471
0.000537571
0.000287244
0.00561565
0.00556808
0.00550461
0.00540999
0.00526379
0.00506588
0.00482352
0.00454267
0.00422976
0.00389223
0.00353702
0.00316992
0.00279574
0.00241842
0.00204075
0.00166554
0.0012915
0.00092963
0.000541159
0.000289387
0.00559439
0.00554257
0.00546902
0.00536656
0.00521872
0.00502291
0.00478434
0.00450856
0.00420142
0.00386961
0.00351965
0.00315715
0.00278682
0.00241256
0.00203721
0.00166367
0.00129072
0.000929481
0.000541243
0.000289691
0.00559439
0.00554257
0.00546902
0.00536656
0.00521873
0.00502291
0.00478434
0.00450856
0.00420142
0.00386961
0.00351965
0.00315715
0.00278682
0.00241256
0.00203721
0.00166367
0.00129072
0.000929481
0.000541243
0.000289691
0.00561565
0.00556808
0.00550461
0.00540999
0.0052638
0.00506588
0.00482352
0.00454268
0.00422976
0.00389223
0.00353702
0.00316992
0.00279574
0.00241842
0.00204075
0.00166554
0.0012915
0.00092963
0.000541159
0.000289387
0.00565207
0.00561605
0.00557764
0.00550002
0.005355
0.00514948
0.00489556
0.00460098
0.00427426
0.00392443
0.00355887
0.00318338
0.00280271
0.00242066
0.00203974
0.00166254
0.00128751
0.000925471
0.000537571
0.000287244
0.00568764
0.00568165
0.00569741
0.00565168
0.00551388
0.0053063
0.00504254
0.0047301
0.00438196
0.00401103
0.00362616
0.00323377
0.00283903
0.0024458
0.0020564
0.00167304
0.00129386
0.00092913
0.000539591
0.000288084
0.00568132
0.00575186
0.00587207
0.00583864
0.00565493
0.00540257
0.00510384
0.00476227
0.00439165
0.00400487
0.00360919
0.00320988
0.00281135
0.00241674
0.00202779
0.00164619
0.00126987
0.000908354
0.000523437
0.000278172
0.00555125
0.0058261
0.00626422
0.00642453
0.00631472
0.00605299
0.00568703
0.00525589
0.00479705
0.00433007
0.00386391
0.00340536
0.00295914
0.00252726
0.00210999
0.00170738
0.00131639
0.00094313
0.000550976
0.000284403
0.00515962
0.00573041
0.00581851
0.00551406
0.00529915
0.00512976
0.00487351
0.00454773
0.00419767
0.00383342
0.00345569
0.00307077
0.00268543
0.0023035
0.00192723
0.00155817
0.00119645
0.000845198
0.000484867
0.000220616
0.00369226
0.00966824
0.0119826
0.0113358
0.0101917
0.00913356
0.00808092
0.00706618
0.00614768
0.00532887
0.00459521
0.0039364
0.00334302
0.00280466
0.0023124
0.0018581
0.00143769
0.00103734
0.000659206
0.000248501
-0.0119816
-0.00837763
-0.00387938
-0.000615003
0.00125805
0.0022668
0.00280266
0.00306485
0.00312403
0.00302383
0.00281706
0.00254838
0.00224451
0.00192066
0.00158874
0.00125518
0.000934596
0.000608747
0.000371384
-4.73696e-05
0.0608544
0.0413914
0.0265439
0.0196638
0.0158319
0.0125583
0.00988886
0.00796496
0.00655914
0.00544896
0.00453935
0.00378721
0.00315372
0.00260542
0.00212149
0.00168589
0.00130159
0.000924121
0.000680235
8.24765e-06
0.0610926
0.0416227
0.0267661
0.0198762
0.0160338
0.012749
0.0100671
0.00812949
0.00670858
0.00558214
0.0046552
0.00388481
0.00323236
0.00266476
0.0021617
0.00170796
0.0013077
0.000918062
0.000667786
4.10872e-07
-0.0117464
-0.00814915
-0.00365982
-0.000404828
0.00145887
0.00245767
0.00298263
0.00323296
0.00327938
0.00316559
0.00294448
0.00266082
0.00234149
0.00200196
0.00165448
0.00130593
0.000971481
0.000633032
0.000386004
-4.71964e-05
0.00392644
0.00989666
0.012203
0.0115472
0.0103932
0.00932431
0.00825978
0.0072321
0.0062997
0.00546613
0.00471696
0.00404205
0.00343219
0.0028772
0.00236856
0.0018985
0.00146367
0.00105048
0.000664082
0.000243093
0.00539311
0.00595834
0.00603877
0.00572561
0.00550114
0.00532126
0.00505352
0.00471532
0.00435196
0.0039736
0.00358102
0.00318067
0.00277948
0.00238153
0.00198938
0.00160501
0.00122909
0.000865204
0.000495154
0.000222293
0.00578418
0.00605373
0.00648446
0.00663622
0.00651681
0.00624437
0.00586659
0.00542265
0.00495012
0.00446866
0.00398734
0.00351309
0.0030508
0.00260273
0.00216944
0.00175139
0.00134606
0.000960303
0.000558089
0.000286486
0.00591389
0.00597938
0.00609246
0.00605073
0.00585764
0.00559476
0.00528439
0.00493019
0.00454606
0.00414497
0.00373431
0.00331946
0.00290503
0.00249439
0.00208957
0.00169268
0.00130211
0.000928235
0.000532644
0.000283023
0.00591994
0.00590909
0.0059179
0.00586399
0.00571691
0.00549885
0.00522343
0.00489829
0.00453657
0.00415127
0.00375136
0.00334341
0.00293277
0.00252352
0.0021183
0.00171973
0.00132636
0.000949376
0.000548905
0.000293708
0.00588417
0.00584348
0.00579825
0.00571256
0.00555835
0.00534243
0.0050769
0.00476966
0.00442938
0.0040652
0.00368463
0.00329362
0.0028971
0.00249909
0.00210243
0.0017101
0.00132093
0.000946671
0.000547613
0.000293657
0.00584764
0.00579552
0.00572532
0.00562268
0.00546736
0.00525909
0.00500514
0.00471163
0.00438515
0.00403326
0.00366303
0.0032804
0.00289038
0.00249714
0.00210376
0.00171347
0.00132531
0.000951251
0.000551508
0.000296136
0.00582631
0.00577001
0.00568979
0.00557934
0.00542241
0.00521625
0.00496611
0.00467767
0.00435697
0.00401081
0.00364583
0.00326781
0.00288165
0.00249149
0.00210046
0.00171185
0.00132481
0.000951381
0.00055181
0.000296631
0.00582631
0.00577001
0.00568979
0.00557934
0.00542241
0.00521625
0.00496611
0.00467767
0.00435697
0.00401081
0.00364583
0.00326781
0.00288165
0.00249149
0.00210046
0.00171185
0.00132481
0.000951381
0.00055181
0.000296631
0.00584764
0.00579552
0.00572532
0.00562269
0.00546736
0.00525909
0.00500514
0.00471163
0.00438515
0.00403327
0.00366303
0.0032804
0.00289038
0.00249714
0.00210376
0.00171347
0.00132531
0.000951251
0.000551507
0.000296136
0.00588417
0.00584348
0.00579825
0.00571256
0.00555835
0.00534243
0.0050769
0.00476966
0.00442938
0.00406521
0.00368464
0.00329362
0.0028971
0.00249909
0.00210243
0.0017101
0.00132093
0.00094667
0.000547613
0.000293656
0.00591994
0.00590909
0.0059179
0.005864
0.00571691
0.00549885
0.00522343
0.0048983
0.00453657
0.00415127
0.00375136
0.00334341
0.00293277
0.00252352
0.0021183
0.00171973
0.00132636
0.000949375
0.000548904
0.000293707
0.00591389
0.00597938
0.00609246
0.00605073
0.00585764
0.00559476
0.0052844
0.0049302
0.00454607
0.00414498
0.00373431
0.00331946
0.00290503
0.00249439
0.00208957
0.00169268
0.00130211
0.000928234
0.000532643
0.000283022
0.00578418
0.00605374
0.00648446
0.00663623
0.00651682
0.00624438
0.0058666
0.00542266
0.00495013
0.00446866
0.00398734
0.00351309
0.0030508
0.00260273
0.00216944
0.00175139
0.00134606
0.000960302
0.000558087
0.000286484
0.00539311
0.00595834
0.00603877
0.00572562
0.00550114
0.00532127
0.00505353
0.00471533
0.00435197
0.0039736
0.00358102
0.00318067
0.00277948
0.00238153
0.00198938
0.001605
0.00122909
0.000865204
0.000495155
0.00022229
0.00392644
0.00989666
0.012203
0.0115472
0.0103933
0.00932432
0.00825979
0.00723211
0.00629971
0.00546613
0.00471697
0.00404205
0.00343219
0.00287721
0.00236856
0.00189849
0.00146365
0.00105048
0.000664097
0.000243092
-0.0117464
-0.00814915
-0.00365982
-0.000404821
0.00145887
0.00245768
0.00298264
0.00323297
0.00327938
0.0031656
0.00294449
0.00266082
0.00234149
0.00200196
0.00165449
0.00130592
0.000971428
0.000632999
0.00038604
-4.71707e-05
0.0610926
0.0416228
0.0267661
0.0198762
0.0160338
0.012749
0.0100672
0.00812949
0.00670859
0.00558214
0.0046552
0.00388481
0.00323235
0.00266476
0.00216173
0.00170798
0.00130762
0.000917936
0.000667795
4.71054e-07
0.0614313
0.0419586
0.0270938
0.020192
0.0163364
0.013038
0.010341
0.00838593
0.00694519
0.00579677
0.00484585
0.00404954
0.00336936
0.00277254
0.00223934
0.0017554
0.00132656
0.000912343
0.000647698
-1.98327e-05
-0.0114109
-0.00781741
-0.00333587
-9.08204e-05
0.00176311
0.00275207
0.00326628
0.00350449
0.00353737
0.00340864
0.00317118
0.00286973
0.0025312
0.00217117
0.00180204
0.00143074
0.00107265
0.000708787
0.000436729
-3.69011e-05
0.00426024
0.0102282
0.0125282
0.0118626
0.0106973
0.00961563
0.00853688
0.0074935
0.00654404
0.00569213
0.00492341
0.00422778
0.00359609
0.00301822
0.00248574
0.00199095
0.00153096
0.00109185
0.000684
0.000234996
0.00572616
0.00628978
0.00636482
0.00604334
0.00580921
0.00561855
0.00533867
0.00498687
0.00460843
0.00421345
0.00380273
0.00338273
0.00296044
0.00254003
0.00212422
0.00171513
0.00131383
0.000924027
0.000529427
0.000231129
0.00611597
0.00638426
0.00680997
0.00695363
0.00682441
0.00654063
0.00614984
0.0056913
0.0052027
0.00470374
0.0042035
0.00370892
0.00322493
0.00275385
0.00229637
0.0018532
0.00142221
0.00101107
0.000584369
0.000296113
0.00624473
0.00630944
0.00641805
0.0063688
0.00616654
0.00589291
0.00557001
0.00520159
0.00480169
0.0043833
0.00395383
0.00351867
0.0030825
0.00264877
0.00221968
0.00179765
0.00138144
0.000982636
0.000561957
0.000298339
0.00624992
0.00623868
0.00624334
0.00618217
0.00602617
0.00579753
0.00550962
0.00517018
0.00479251
0.00438968
0.00397068
0.00354215
0.0031095
0.00267697
0.00224736
0.00182368
0.00140481
0.00100338
0.000577887
0.000310875
0.00621347
0.00617275
0.00612366
0.00603093
0.00586805
0.00564178
0.0053639
0.00504243
0.0046862
0.00430444
0.0039047
0.00349298
0.00307435
0.00265297
0.00223191
0.00181454
0.00140006
0.00100169
0.000577627
0.000312527
0.00617644
0.00612458
0.00605071
0.00594117
0.00577731
0.0055588
0.00529258
0.00498486
0.00464241
0.00427288
0.00388337
0.00347994
0.0030677
0.00265101
0.0022332
0.00181793
0.00140458
0.0010066
0.000581929
0.000315753
0.00615487
0.00609896
0.00601518
0.00589789
0.00573249
0.00551617
0.00525381
0.00495118
0.0046145
0.00425067
0.00386638
0.00346751
0.00305909
0.00264545
0.00222999
0.00181643
0.00140426
0.00100702
0.000582549
0.000316642
0.00615487
0.00609896
0.00601518
0.00589789
0.00573249
0.00551617
0.00525381
0.00495118
0.0046145
0.00425067
0.00386638
0.00346751
0.00305909
0.00264545
0.00222999
0.00181643
0.00140426
0.00100702
0.000582549
0.000316642
0.00617644
0.00612458
0.00605071
0.00594117
0.00577731
0.0055588
0.00529258
0.00498487
0.00464241
0.00427288
0.00388337
0.00347994
0.0030677
0.00265101
0.0022332
0.00181792
0.00140457
0.0010066
0.000581929
0.000315753
0.00621347
0.00617275
0.00612366
0.00603093
0.00586806
0.00564178
0.0053639
0.00504243
0.0046862
0.00430444
0.0039047
0.00349298
0.00307435
0.00265297
0.00223191
0.00181454
0.00140006
0.00100169
0.000577626
0.000312527
0.00624992
0.00623868
0.00624334
0.00618217
0.00602617
0.00579753
0.00550962
0.00517018
0.00479251
0.00438968
0.00397068
0.00354215
0.0031095
0.00267697
0.00224736
0.00182367
0.00140481
0.00100338
0.000577886
0.000310875
0.00624473
0.00630944
0.00641805
0.0063688
0.00616654
0.00589291
0.00557002
0.0052016
0.00480169
0.00438331
0.00395383
0.00351867
0.0030825
0.00264877
0.00221968
0.00179765
0.00138144
0.000982634
0.000561955
0.000298338
0.00611597
0.00638426
0.00680997
0.00695363
0.00682442
0.00654064
0.00614985
0.0056913
0.00520271
0.00470375
0.0042035
0.00370892
0.00322493
0.00275384
0.00229637
0.0018532
0.00142221
0.00101107
0.000584366
0.000296111
0.00572616
0.00628979
0.00636483
0.00604335
0.00580922
0.00561856
0.00533867
0.00498688
0.00460844
0.00421345
0.00380273
0.00338273
0.00296044
0.00254003
0.00212422
0.00171512
0.00131383
0.000924028
0.000529426
0.000231125
0.00426024
0.0102282
0.0125282
0.0118626
0.0106973
0.00961564
0.00853689
0.00749351
0.00654405
0.00569213
0.00492341
0.00422778
0.00359609
0.00301822
0.00248573
0.00199093
0.00153095
0.00109186
0.000684012
0.000234992
-0.0114109
-0.0078174
-0.00333586
-9.0814e-05
0.00176311
0.00275208
0.00326629
0.0035045
0.00353738
0.00340865
0.00317118
0.00286973
0.0025312
0.00217118
0.00180205
0.00143072
0.0010726
0.000708779
0.000436777
-3.68799e-05
0.0614313
0.0419586
0.0270938
0.020192
0.0163364
0.013038
0.010341
0.00838593
0.00694519
0.00579677
0.00484585
0.00404953
0.00336935
0.00277255
0.00223937
0.00175539
0.00132646
0.000912264
0.000647765
-1.97607e-05
0.061876
0.0424144
0.0275479
0.0206319
0.0167586
0.0134426
0.010727
0.00875017
0.00728447
0.00610816
0.00512666
0.00429696
0.0035805
0.00294456
0.00236975
0.00184231
0.00137039
0.000915152
0.000627521
-6.46761e-05
-0.0109675
-0.00736859
-0.00288706
0.000352775
0.00220168
0.00318635
0.00369553
0.00392699
0.00395121
0.00381207
0.00356243
0.00324682
0.0028918
0.00251251
0.00212076
0.00172239
0.00133158
0.000924515
0.000598206
2.14141e-05
0.00469737
0.0106727
0.0129731
0.0122995
0.0111224
0.0100268
0.00893252
0.00787252
0.00690561
0.00603546
0.00524765
0.00453182
0.00387837
0.0032766
0.00271738
0.0021919
0.00169639
0.00121366
0.000759824
0.000240052
0.00616215
0.00673486
0.00681309
0.00648886
0.00624989
0.00605285
0.00576444
0.00540168
0.00500972
0.00459866
0.00416939
0.00372842
0.00328271
0.00283623
0.00239131
0.00194934
0.00151061
0.0010766
0.000631772
0.000268187
0.00654875
0.00682582
0.00725433
0.00739475
0.00725982
0.00696813
0.00656676
0.00609507
0.00559092
0.00507402
0.00455345
0.00403612
0.00352687
0.00302784
0.00253948
0.00206202
0.00159288
0.00113907
0.000664602
0.000332669
0.0066751
0.00674939
0.00686158
0.00680992
0.00660291
0.00632233
0.00598965
0.00560863
0.00519349
0.00475725
0.00430726
0.00384891
0.00338678
0.00292424
0.00246332
0.00200621
0.00155145
0.00111089
0.000642834
0.000344537
0.00667791
0.00667682
0.00668536
0.00662195
0.00646148
0.00622621
0.00592861
0.00557638
0.00518304
0.00476171
0.00432141
0.0038688
0.00340932
0.00294715
0.00248506
0.00202597
0.0015687
0.00112668
0.000655118
0.00036014
0.00663943
0.00660949
0.00656472
0.00647003
0.00630301
0.00607041
0.00578302
0.00544877
0.00507673
0.00467621
0.00425482
0.00381863
0.00337276
0.00292141
0.00246765
0.0020149
0.00156234
0.00112427
0.000654991
0.000364679
0.0066009
0.00656027
0.00649104
0.00637969
0.00621183
0.00598715
0.00571152
0.00539103
0.00503265
0.00464414
0.00423268
0.00380442
0.00336459
0.00291763
0.00246695
0.0020163
0.00156514
0.00112808
0.000658899
0.000369
0.00657852
0.00653411
0.00645513
0.00633613
0.00616681
0.00594441
0.0056727
0.0053573
0.00500464
0.00462174
0.00421538
0.00379153
0.00335537
0.00291136
0.00246297
0.00201408
0.00156424
0.00112822
0.000659589
0.000370464
0.00657852
0.00653411
0.00645513
0.00633613
0.00616682
0.00594441
0.0056727
0.0053573
0.00500465
0.00462174
0.00421538
0.00379153
0.00335537
0.00291136
0.00246297
0.00201408
0.00156424
0.00112822
0.000659589
0.000370464
0.0066009
0.00656027
0.00649104
0.00637969
0.00621183
0.00598715
0.00571152
0.00539103
0.00503265
0.00464414
0.00423268
0.00380442
0.00336459
0.00291763
0.00246695
0.0020163
0.00156514
0.00112808
0.000658899
0.000369
0.00663943
0.00660949
0.00656472
0.00647003
0.00630301
0.00607041
0.00578303
0.00544877
0.00507673
0.00467621
0.00425482
0.00381863
0.00337276
0.00292141
0.00246765
0.0020149
0.00156234
0.00112427
0.00065499
0.000364679
0.00667791
0.00667682
0.00668536
0.00662195
0.00646148
0.00622621
0.00592861
0.00557639
0.00518304
0.00476172
0.00432142
0.0038688
0.00340932
0.00294715
0.00248505
0.00202596
0.0015687
0.00112668
0.000655117
0.000360139
0.0066751
0.00674939
0.00686159
0.00680992
0.00660291
0.00632234
0.00598965
0.00560863
0.00519349
0.00475725
0.00430726
0.00384891
0.00338678
0.00292424
0.00246332
0.00200621
0.00155145
0.00111089
0.000642832
0.000344536
0.00654875
0.00682582
0.00725433
0.00739476
0.00725982
0.00696813
0.00656677
0.00609507
0.00559092
0.00507402
0.00455345
0.00403612
0.00352686
0.00302784
0.00253948
0.00206202
0.00159288
0.00113907
0.000664599
0.000332667
0.00616215
0.00673486
0.00681309
0.00648887
0.00624989
0.00605286
0.00576445
0.00540168
0.00500972
0.00459866
0.00416939
0.00372842
0.00328271
0.00283623
0.00239131
0.00194933
0.00151061
0.0010766
0.000631769
0.000268183
0.00469737
0.0106727
0.0129731
0.0122995
0.0111224
0.0100268
0.00893252
0.00787252
0.00690561
0.00603546
0.00524765
0.00453182
0.00387837
0.00327661
0.00271738
0.00219188
0.00169638
0.00121366
0.000759829
0.000240046
-0.0109675
-0.00736858
-0.00288705
0.000352781
0.00220168
0.00318636
0.00369553
0.00392699
0.00395122
0.00381207
0.00356243
0.00324682
0.0028918
0.00251252
0.00212076
0.00172237
0.00133154
0.000924528
0.000598246
2.14235e-05
0.061876
0.0424144
0.0275479
0.0206319
0.0167586
0.0134426
0.010727
0.00875018
0.00728447
0.00610817
0.00512666
0.00429695
0.00358049
0.00294457
0.00236978
0.00184228
0.0013703
0.000915133
0.000627614
-6.46155e-05
0.0624093
0.0429969
0.0281461
0.0212116
0.0173084
0.0139631
0.0112195
0.00921352
0.00771584
0.00650484
0.00548587
0.00461523
0.00385361
0.00316791
0.00253885
0.00195312
0.00142237
0.000908516
0.000595189
-0.000157301
-0.0104217
-0.00679444
-0.00228742
0.000968293
0.00283099
0.00382901
0.00435031
0.00459229
0.00462556
0.00449413
0.00425036
0.00393739
0.00357987
0.00319093
0.00278023
0.0023509
0.00191411
0.00143563
0.00100721
0.00020449
0.0052176
0.0112158
0.0135296
0.0128545
0.0116681
0.0105608
0.00945496
0.00838499
0.00740985
0.00653271
0.00573828
0.00501492
0.00435126
0.00373455
0.00315331
0.00259571
0.00205489
0.00150563
0.000967306
0.000297671
0.00668206
0.00728502
0.00738558
0.00707392
0.0068437
0.00665201
0.00636455
0.00599846
0.00559966
0.00517892
0.00473754
0.00428198
0.00381849
0.00334969
0.00287603
0.00239614
0.00190727
0.0014042
0.000869465
0.000366082
0.00706197
0.00736618
0.00781279
0.00796207
0.00783283
0.00754304
0.00713865
0.00665949
0.00614424
0.00561315
0.00507559
0.00453854
0.00400647
0.00348068
0.00296025
0.0024433
0.00192488
0.00140759
0.000852665
0.000424727
0.00718352
0.00728661
0.007418
0.00737515
0.00717363
0.00689528
0.00656043
0.00617307
0.00574787
0.00529805
0.0048309
0.00435161
0.0038644
0.00337195
0.0028754
0.00237554
0.0018694
0.00136636
0.000820549
0.000447634
0.00718091
0.00720932
0.00723681
0.00718135
0.00702586
0.00679268
0.00649261
0.0061333
0.00572874
0.00529235
0.00483313
0.00435763
0.00387099
0.00337688
0.00287739
0.00237445
0.00186586
0.00136384
0.000818737
0.000465768
0.00713746
0.00713785
0.00711246
0.00702569
0.0068635
0.00663284
0.00634279
0.00600121
0.00561771
0.00520185
0.00476117
0.00430159
0.00382786
0.00334375
0.00285175
0.00235457
0.0018507
0.00135398
0.000813508
0.000473103
0.00709514
0.0070854
0.00703582
0.00693229
0.00676904
0.00654612
0.00626765
0.00593958
0.00556939
0.00516507
0.00473379
0.00428155
0.0038133
0.00333308
0.00284381
0.00234867
0.00184659
0.00135207
0.000813586
0.000478044
0.00707072
0.00705748
0.00699831
0.00688712
0.00672236
0.00650165
0.00622703
0.00590396
0.00553936
0.0051405
0.00471414
0.00426614
0.00380138
0.00332394
0.00283687
0.00234351
0.00184298
0.00135004
0.00081296
0.000479858
0.00707072
0.00705748
0.00699831
0.00688713
0.00672236
0.00650165
0.00622703
0.00590396
0.00553936
0.0051405
0.00471414
0.00426614
0.00380138
0.00332394
0.00283686
0.00234351
0.00184298
0.00135004
0.00081296
0.000479858
0.00709514
0.00708541
0.00703582
0.0069323
0.00676904
0.00654612
0.00626766
0.00593958
0.00556939
0.00516507
0.00473379
0.00428155
0.0038133
0.00333308
0.00284381
0.00234867
0.00184659
0.00135207
0.000813585
0.000478043
0.00713746
0.00713785
0.00711246
0.00702569
0.0068635
0.00663284
0.0063428
0.00600122
0.00561771
0.00520185
0.00476117
0.00430159
0.00382786
0.00334375
0.00285175
0.00235457
0.0018507
0.00135398
0.000813507
0.000473103
0.00718091
0.00720932
0.00723681
0.00718136
0.00702586
0.00679269
0.00649262
0.0061333
0.00572874
0.00529235
0.00483313
0.00435763
0.00387099
0.00337688
0.00287738
0.00237445
0.00186586
0.00136384
0.000818735
0.000465767
0.00718352
0.00728662
0.007418
0.00737516
0.00717363
0.00689528
0.00656044
0.00617307
0.00574787
0.00529805
0.0048309
0.00435161
0.00386439
0.00337195
0.00287539
0.00237554
0.0018694
0.00136636
0.000820547
0.000447632
0.00706197
0.00736619
0.0078128
0.00796207
0.00783283
0.00754304
0.00713866
0.0066595
0.00614424
0.00561315
0.00507559
0.00453854
0.00400647
0.00348068
0.00296025
0.0024433
0.00192488
0.00140759
0.000852661
0.000424725
0.00668207
0.00728502
0.00738559
0.00707393
0.00684371
0.00665202
0.00636455
0.00599847
0.00559966
0.00517892
0.00473754
0.00428198
0.00381849
0.00334969
0.00287602
0.00239613
0.00190726
0.00140419
0.000869459
0.000366078
0.0052176
0.0112158
0.0135296
0.0128545
0.0116681
0.0105608
0.00945497
0.008385
0.00740986
0.00653271
0.00573828
0.00501492
0.00435126
0.00373455
0.0031533
0.0025957
0.00205488
0.00150564
0.000967302
0.000297665
-0.0104217
-0.00679444
-0.00228742
0.000968299
0.002831
0.00382901
0.00435032
0.0045923
0.00462556
0.00449413
0.00425036
0.00393739
0.00357987
0.00319093
0.00278023
0.00235087
0.00191409
0.00143564
0.00100723
0.000204485
0.0624093
0.0429969
0.0281462
0.0212116
0.0173084
0.0139631
0.0112195
0.00921353
0.00771584
0.00650484
0.00548587
0.00461522
0.00385361
0.00316792
0.00253886
0.00195308
0.00142231
0.000908543
0.000595272
-0.000157263
0.062944
0.0436834
0.0288921
0.0219359
0.0179758
0.014568
0.0117672
0.00970691
0.00815415
0.00688734
0.00581253
0.00488584
0.0040675
0.0033242
0.00263663
0.00199197
0.00140464
0.000839638
0.000512226
-0.000277576
-0.00978866
-0.0060878
-0.00150123
0.00182202
0.00374974
0.00481357
0.00540284
0.00571234
0.00580702
0.00572483
0.0055125
0.00520825
0.00483328
0.0043992
0.0039156
0.00338679
0.00282552
0.00219266
0.0015818
0.000446952
0.00574661
0.0117749
0.0141231
0.0134708
0.0122997
0.0112073
0.010118
0.00906734
0.00811332
0.00725655
0.00647884
0.00576493
0.0050992
0.00446489
0.00384737
0.00323244
0.00261181
0.00195425
0.00128467
0.000397749
0.00722884
0.00790123
0.00805655
0.00778455
0.00759003
0.00743033
0.00716926
0.00682502
0.00644385
0.00603495
0.0055976
0.00513599
0.00465381
0.00415132
0.00362705
0.0030778
0.00249938
0.00188105
0.00120676
0.000496813
0.00759807
0.00796193
0.00845153
0.00863146
0.00852902
0.00825999
0.00786873
0.00739645
0.00688364
0.0063512
0.0058081
0.00526
0.00470919
0.00415431
0.00359185
0.00301729
0.00242367
0.00180898
0.00113491
0.00055628
0.00771094
0.00787821
0.00805426
0.00803879
0.00786099
0.00760392
0.00728573
0.00690924
0.00648872
0.00603684
0.00556025
0.00506355
0.0045501
0.00402147
0.00347747
0.00291724
0.00233644
0.0017412
0.00108461
0.00059377
0.00769679
0.00778953
0.00785957
0.00782756
0.0076922
0.00747712
0.00719037
0.00683841
0.00643508
0.00599347
0.00552216
0.00502712
0.00451283
0.00398205
0.00343584
0.00287483
0.00229585
0.00170893
0.0010626
0.000617958
0.00764254
0.0077073
0.00772394
0.00765916
0.00751531
0.0073013
0.00702381
0.00668946
0.00630733
0.0058863
0.00543318
0.00495326
0.00445079
0.00392891
0.00338954
0.00283455
0.00226191
0.00168403
0.00104771
0.000629829
0.0075921
0.00764647
0.00763839
0.00755575
0.00740945
0.00720187
0.00693485
0.00661311
0.00624355
0.00583352
0.00538943
0.00491665
0.00441958
0.00390174
0.00336557
0.0028136
0.00224447
0.00167166
0.00104113
0.000636262
0.00756336
0.00761402
0.00759608
0.00750532
0.0073569
0.007151
0.00688741
0.00657042
0.00620636
0.00580177
0.00536265
0.00489415
0.00440063
0.00388566
0.00335188
0.0028021
0.00223525
0.00166527
0.00103784
0.000638705
0.00756336
0.00761402
0.00759608
0.00750532
0.0073569
0.007151
0.00688741
0.00657042
0.00620636
0.00580177
0.00536265
0.00489415
0.00440063
0.00388566
0.00335187
0.0028021
0.00223525
0.00166527
0.00103784
0.000638705
0.0075921
0.00764647
0.00763839
0.00755575
0.00740945
0.00720187
0.00693485
0.00661311
0.00624355
0.00583352
0.00538943
0.00491664
0.00441958
0.00390174
0.00336557
0.0028136
0.00224446
0.00167166
0.00104113
0.000636262
0.00764254
0.0077073
0.00772394
0.00765916
0.00751532
0.00730131
0.00702381
0.00668946
0.00630733
0.0058863
0.00543318
0.00495326
0.00445079
0.00392891
0.00338954
0.00283454
0.00226191
0.00168403
0.00104771
0.000629828
0.0076968
0.00778953
0.00785957
0.00782757
0.0076922
0.00747712
0.00719037
0.00683841
0.00643508
0.00599347
0.00552215
0.00502712
0.00451283
0.00398205
0.00343583
0.00287482
0.00229584
0.00170892
0.0010626
0.000617956
0.00771095
0.00787821
0.00805426
0.00803879
0.007861
0.00760392
0.00728573
0.00690924
0.00648872
0.00603684
0.00556025
0.00506354
0.0045501
0.00402147
0.00347747
0.00291724
0.00233643
0.0017412
0.00108461
0.000593768
0.00759807
0.00796194
0.00845154
0.00863146
0.00852903
0.00825999
0.00786873
0.00739645
0.00688364
0.0063512
0.0058081
0.00526
0.00470919
0.00415431
0.00359184
0.00301729
0.00242366
0.00180897
0.00113491
0.000556277
0.00722885
0.00790124
0.00805655
0.00778456
0.00759004
0.00743033
0.00716927
0.00682502
0.00644385
0.00603495
0.0055976
0.00513599
0.00465381
0.00415132
0.00362704
0.0030778
0.00249937
0.00188104
0.00120675
0.000496808
0.00574661
0.0117749
0.0141231
0.0134708
0.0122997
0.0112073
0.010118
0.00906734
0.00811332
0.00725655
0.00647884
0.00576493
0.00509919
0.00446489
0.00384736
0.00323243
0.00261181
0.00195425
0.00128466
0.000397743
-0.00978866
-0.0060878
-0.00150123
0.00182203
0.00374975
0.00481357
0.00540284
0.00571234
0.00580702
0.00572483
0.0055125
0.00520824
0.00483328
0.0043992
0.00391559
0.00338677
0.0028255
0.00219266
0.00158179
0.000446936
0.062944
0.0436834
0.0288921
0.0219359
0.0179758
0.014568
0.0117672
0.00970692
0.00815416
0.00688734
0.00581253
0.00488583
0.0040675
0.00332421
0.00263663
0.00199194
0.00140462
0.000839682
0.000512283
-0.000277554
0.0632069
0.0444188
0.0297912
0.0228195
0.0187207
0.0151191
0.012133
0.00991758
0.0082447
0.00689427
0.00576821
0.00481327
0.00397945
0.00322527
0.00252546
0.00186499
0.00125835
0.000681018
0.000355828
-0.000374911
-0.009017
-0.00526124
-0.00057433
0.00294079
0.00514706
0.00650904
0.00735087
0.00782299
0.0079696
0.00783156
0.00747448
0.00696182
0.00634026
0.00564361
0.00489761
0.00411983
0.00333163
0.00250027
0.00172433
0.000440365
0.00614945
0.0122096
0.0146451
0.0140851
0.0130088
0.0120036
0.0109897
0.0100064
0.00910442
0.00827325
0.00748848
0.00673388
0.00599666
0.0052658
0.00453355
0.00379291
0.00304189
0.00225313
0.00146083
0.000422962
0.00774756
0.00857003
0.00883024
0.00864901
0.00855558
0.00849239
0.00830709
0.00801344
0.00765355
0.00723376
0.00675479
0.00622455
0.00565118
0.00503991
0.00439418
0.00371508
0.00300208
0.00224481
0.00143467
0.00056118
0.0080927
0.00858021
0.00914497
0.00937943
0.00932522
0.00910006
0.00874628
0.00830389
0.00781059
0.00728287
0.0067265
0.00614574
0.00554307
0.00491864
0.00427136
0.0035992
0.00289797
0.00216534
0.00137092
0.00065561
0.00817984
0.0084758
0.00873052
0.0087714
0.00864595
0.00843745
0.00815778
0.00780617
0.00739594
0.00693891
0.00644136
0.00590822
0.00534359
0.00475008
0.00412887
0.00348036
0.00280196
0.00209864
0.00133046
0.000724975
0.00813912
0.0083559
0.00849695
0.0085107
0.00841545
0.00823648
0.00797857
0.0076459
0.0072512
0.00680643
0.00631924
0.0057953
0.00523919
0.00465412
0.00404195
0.0034041
0.00273879
0.00205482
0.00130712
0.000768307
0.00806321
0.00824738
0.00833062
0.00830736
0.00820023
0.00802014
0.0077706
0.0074554
0.00708199
0.00665829
0.0061905
0.00568377
0.00514256
0.00457046
0.00397007
0.00334386
0.00269102
0.00202271
0.0012915
0.000791965
0.00799789
0.00816814
0.00822351
0.00817926
0.00806655
0.00788993
0.00764855
0.00734461
0.00698351
0.00657153
0.00611442
0.00561722
0.00508441
0.00451983
0.0039265
0.00330747
0.00266251
0.00200389
0.00128301
0.000804051
0.00796166
0.00812633
0.00817023
0.00811637
0.00800017
0.0078241
0.00758547
0.00728609
0.00693068
0.00652469
0.00607334
0.00558148
0.00505349
0.00449326
0.00390396
0.00328893
0.00264822
0.00199453
0.00127884
0.000808847
0.00796166
0.00812633
0.00817023
0.00811637
0.00800017
0.0078241
0.00758547
0.00728609
0.00693068
0.00652469
0.00607334
0.00558148
0.00505349
0.00449326
0.00390396
0.00328893
0.00264822
0.00199453
0.00127884
0.000808847
0.00799789
0.00816814
0.00822351
0.00817926
0.00806655
0.00788993
0.00764855
0.00734461
0.00698351
0.00657153
0.00611442
0.00561722
0.00508441
0.00451983
0.0039265
0.00330747
0.00266251
0.00200389
0.00128301
0.00080405
0.00806321
0.00824738
0.00833062
0.00830736
0.00820024
0.00802014
0.00777061
0.0074554
0.00708199
0.00665829
0.0061905
0.00568377
0.00514255
0.00457046
0.00397007
0.00334386
0.00269102
0.00202271
0.0012915
0.000791963
0.00813912
0.0083559
0.00849695
0.0085107
0.00841545
0.00823648
0.00797858
0.0076459
0.0072512
0.00680643
0.00631924
0.0057953
0.00523919
0.00465412
0.00404194
0.00340409
0.00273878
0.00205482
0.00130711
0.000768304
0.00817985
0.0084758
0.00873053
0.00877141
0.00864596
0.00843746
0.00815779
0.00780617
0.00739594
0.00693891
0.00644136
0.00590822
0.00534359
0.00475008
0.00412886
0.00348036
0.00280196
0.00209864
0.00133046
0.000724972
0.0080927
0.00858021
0.00914497
0.00937943
0.00932523
0.00910006
0.00874628
0.00830389
0.00781059
0.00728287
0.00672649
0.00614574
0.00554306
0.00491864
0.00427135
0.00359919
0.00289796
0.00216533
0.00137091
0.000655605
0.00774757
0.00857003
0.00883025
0.00864902
0.00855558
0.00849239
0.00830709
0.00801345
0.00765355
0.00723376
0.00675479
0.00622455
0.00565118
0.0050399
0.00439417
0.00371507
0.00300207
0.0022448
0.00143466
0.000561174
0.00614946
0.0122096
0.0146451
0.0140851
0.0130088
0.0120036
0.0109897
0.0100064
0.00910442
0.00827325
0.00748848
0.00673388
0.00599665
0.00526579
0.00453354
0.0037929
0.00304189
0.00225312
0.00146082
0.000422954
-0.009017
-0.00526124
-0.000574324
0.00294079
0.00514706
0.00650905
0.00735087
0.00782299
0.0079696
0.00783156
0.00747448
0.00696182
0.00634026
0.00564361
0.0048976
0.00411981
0.00333161
0.00250026
0.00172431
0.000440344
0.0632069
0.0444188
0.0297912
0.0228195
0.0187207
0.0151191
0.012133
0.00991758
0.0082447
0.00689427
0.0057682
0.00481326
0.00397946
0.00322527
0.00252546
0.00186498
0.00125837
0.000681062
0.00035587
-0.000374889
0.0642394
0.0446726
0.0299848
0.0229868
0.0185629
0.0146148
0.0114047
0.00908622
0.00739734
0.0060886
0.0050367
0.00416766
0.00341752
0.0027374
0.00209931
0.0014888
0.00092022
0.000384198
9.48026e-05
-0.000488199
-0.00712353
-0.00394364
0.000726211
0.00482538
0.00769616
0.00935412
0.010105
0.0102355
0.00992268
0.0093054
0.00851028
0.00763016
0.00671912
0.00580584
0.00490657
0.00402358
0.00316184
0.00229238
0.00150499
0.000308571
0.00695348
0.0128281
0.0152466
0.0148296
0.0139775
0.0131206
0.0121527
0.0111388
0.0101484
0.00919011
0.00826107
0.00736144
0.00648817
0.00563503
0.00479608
0.00396355
0.00313386
0.00228424
0.00145028
0.00038783
0.00867179
0.00943958
0.00979621
0.00975565
0.00978847
0.0097928
0.0096076
0.00925802
0.00879947
0.00825381
0.0076371
0.00696838
0.00626251
0.00552836
0.00477106
0.00399194
0.00319048
0.00235747
0.00149174
0.000557681
0.00887027
0.00917917
0.00973771
0.0100256
0.0100371
0.00987367
0.00955947
0.00912734
0.00861554
0.00804493
0.00742772
0.00677445
0.00609264
0.00538628
0.0046571
0.00390505
0.00312804
0.00232473
0.0014784
0.000689328
0.00885451
0.00897501
0.00924843
0.00936851
0.00931082
0.00915143
0.00889898
0.00855209
0.00812608
0.00763574
0.00709119
0.00650118
0.00587299
0.00521173
0.00452065
0.00380179
0.00305482
0.00228507
0.0014698
0.000786958
0.00874847
0.00878491
0.00893343
0.00901096
0.00896463
0.00882084
0.00858672
0.00826447
0.00786608
0.00740422
0.00688818
0.00632565
0.00572317
0.00508575
0.00441694
0.00371972
0.00299472
0.00225101
0.00146272
0.000848451
0.00862895
0.00862929
0.00871489
0.00875241
0.00869177
0.0085447
0.00831839
0.00801509
0.00764157
0.0072063
0.00671661
0.006179
0.00559935
0.0049826
0.00433275
0.00365362
0.00294675
0.00222337
0.00145613
0.000883145
0.00853682
0.00852177
0.00857645
0.00859023
0.00852102
0.00837438
0.00815449
0.00786264
0.00750343
0.0070834
0.00660894
0.00608598
0.00552003
0.00491598
0.00427808
0.00361059
0.00291558
0.00220531
0.00145159
0.000900897
0.00848784
0.00846669
0.00850844
0.00851126
0.0084374
0.00829033
0.00807275
0.00778576
0.00743316
0.00702056
0.00655373
0.00603823
0.00547932
0.00488186
0.00425015
0.00358869
0.00289976
0.00219605
0.00144901
0.000908092
0.00848784
0.00846669
0.00850844
0.00851126
0.0084374
0.00829033
0.00807275
0.00778576
0.00743316
0.00702056
0.00655373
0.00603823
0.00547932
0.00488186
0.00425015
0.00358869
0.00289976
0.00219605
0.00144901
0.000908091
0.00853682
0.00852177
0.00857645
0.00859023
0.00852102
0.00837438
0.00815449
0.00786264
0.00750343
0.0070834
0.00660893
0.00608598
0.00552002
0.00491598
0.00427808
0.00361059
0.00291558
0.0022053
0.00145158
0.000900896
0.00862895
0.00862929
0.00871489
0.00875242
0.00869178
0.0085447
0.00831839
0.00801509
0.00764157
0.0072063
0.00671661
0.006179
0.00559935
0.0049826
0.00433275
0.00365362
0.00294675
0.00222337
0.00145613
0.000883142
0.00874847
0.00878491
0.00893343
0.00901096
0.00896463
0.00882084
0.00858672
0.00826447
0.00786608
0.00740422
0.00688818
0.00632565
0.00572317
0.00508574
0.00441694
0.00371971
0.00299472
0.002251
0.00146271
0.000848448
0.00885451
0.00897501
0.00924843
0.00936851
0.00931082
0.00915143
0.00889899
0.00855209
0.00812608
0.00763574
0.00709119
0.00650117
0.00587298
0.00521173
0.00452065
0.00380179
0.00305481
0.00228507
0.0014698
0.000786953
0.00887027
0.00917918
0.00973771
0.0100256
0.0100371
0.00987368
0.00955947
0.00912734
0.00861554
0.00804493
0.00742771
0.00677444
0.00609263
0.00538628
0.00465709
0.00390504
0.00312803
0.00232472
0.0014784
0.000689322
0.00867179
0.00943958
0.00979622
0.00975565
0.00978847
0.00979281
0.0096076
0.00925802
0.00879946
0.00825381
0.00763709
0.00696838
0.00626251
0.00552836
0.00477105
0.00399194
0.00319047
0.00235746
0.00149172
0.000557673
0.00695349
0.0128281
0.0152466
0.0148296
0.0139775
0.0131206
0.0121527
0.0111388
0.0101484
0.00919011
0.00826107
0.00736144
0.00648817
0.00563502
0.00479607
0.00396354
0.00313384
0.00228423
0.00145027
0.00038782
-0.00712352
-0.00394363
0.000726217
0.00482538
0.00769616
0.00935413
0.010105
0.0102355
0.00992268
0.0093054
0.00851028
0.00763016
0.00671912
0.00580584
0.00490656
0.00402356
0.00316183
0.00229236
0.00150496
0.000308545
0.0642394
0.0446726
0.0299848
0.0229868
0.0185629
0.0146148
0.0114047
0.00908622
0.00739734
0.0060886
0.0050367
0.00416765
0.00341752
0.00273741
0.00209931
0.00148881
0.000920246
0.000384244
9.48462e-05
-0.00048817
)
;

boundaryField
{
    inlet
    {
        type            zeroGradient;
    }
    outlet
    {
        type            fixedValue;
        value           uniform 0;
    }
    walls
    {
        type            zeroGradient;
    }
    frontAndBack
    {
        type            empty;
    }
}


// ************************************************************************* //
