/*--------------------------------*- C++ -*----------------------------------*\
  =========                 |
  \\      /  F ield         | OpenFOAM: The Open Source CFD Toolbox
   \\    /   O peration     | Website:  https://openfoam.org
    \\  /    A nd           | Version:  9
     \\/     M anipulation  |
\*---------------------------------------------------------------------------*/
FoamFile
{
    format      ascii;
    class       volScalarField;
    location    "1000";
    object      epsilon;
}
// * * * * * * * * * * * * * * * * * * * * * * * * * * * * * * * * * * * * * //

dimensions      [0 2 -3 0 0 0 0];

internalField   nonuniform List<scalar> 
8000
(
0.463724
0.476538
0.532722
0.620316
0.726384
0.841084
0.957473
1.07112
1.17962
1.28197
1.37808
1.46829
1.55317
1.63335
1.70939
1.78178
1.85082
1.91645
1.97764
2.02901
0.438373
0.84193
1.21576
1.54258
1.82228
2.06038
2.26332
2.437
2.58655
2.71629
2.82979
2.93003
3.01945
3.10004
3.17343
3.24083
3.30319
3.36084
3.41301
3.45297
0.46052
0.929279
1.38754
1.80175
2.16039
2.46496
2.7225
2.94118
3.12853
3.29087
3.4332
3.55944
3.67258
3.77496
3.86842
3.95433
4.03367
4.10667
4.17181
4.22074
0.470468
0.964719
1.45636
1.90709
2.30249
2.64212
2.93206
3.18036
3.39484
3.58224
3.74798
3.89628
4.03038
4.15276
4.26529
4.36939
4.46596
4.55498
4.63412
4.69324
0.473005
0.975321
1.47987
1.94735
2.36189
2.7215
3.03116
3.29841
3.53093
3.73551
3.91771
4.08191
4.23146
4.36891
4.49618
4.61466
4.72514
4.82733
4.91813
4.98582
0.473707
0.978743
1.48835
1.96303
2.38651
2.75627
3.07682
3.35532
3.5992
3.8151
4.00852
4.1838
4.34433
4.49267
4.63073
4.75987
4.88079
4.99297
5.09268
5.1669
0.473936
0.979878
1.49135
1.96894
2.39639
2.77108
3.09734
3.38214
3.63276
3.85569
4.05634
4.23899
4.40698
4.56283
4.70846
4.84517
4.97356
5.09294
5.19911
5.27805
0.474029
0.980285
1.49246
1.97124
2.4004
2.77734
3.10639
3.39446
3.64876
3.87575
4.08075
4.26799
4.44076
4.60155
4.75221
4.89402
5.0275
5.15182
5.26243
5.34461
0.474073
0.980441
1.49288
1.97213
2.402
2.77992
3.11024
3.39987
3.65603
3.88515
4.09253
4.28237
4.45792
4.62163
4.77534
4.92027
5.0569
5.18428
5.29766
5.38186
0.474092
0.980496
1.49303
1.97245
2.40257
2.78085
3.11165
3.4019
3.65882
3.88884
4.09725
4.28824
4.46505
4.63012
4.78525
4.93166
5.06978
5.19862
5.31334
5.3985
0.474092
0.980496
1.49303
1.97245
2.40257
2.78085
3.11165
3.4019
3.65882
3.88884
4.09725
4.28824
4.46505
4.63012
4.78525
4.93166
5.06978
5.19862
5.31334
5.3985
0.474073
0.980441
1.49288
1.97213
2.402
2.77992
3.11024
3.39987
3.65603
3.88515
4.09253
4.28237
4.45792
4.62163
4.77534
4.92027
5.0569
5.18427
5.29766
5.38185
0.474029
0.980285
1.49246
1.97124
2.4004
2.77734
3.10639
3.39446
3.64876
3.87575
4.08075
4.26799
4.44076
4.60155
4.75221
4.89402
5.0275
5.15181
5.26242
5.3446
0.473936
0.979878
1.49135
1.96894
2.39639
2.77108
3.09734
3.38214
3.63276
3.85569
4.05634
4.23899
4.40698
4.56283
4.70846
4.84517
4.97356
5.09294
5.1991
5.27804
0.473707
0.978743
1.48835
1.96303
2.38651
2.75627
3.07682
3.35532
3.5992
3.8151
4.00852
4.18381
4.34433
4.49267
4.63073
4.75987
4.88079
4.99297
5.09267
5.16688
0.473005
0.975321
1.47987
1.94735
2.36189
2.7215
3.03116
3.29841
3.53093
3.73551
3.91771
4.08191
4.23146
4.36891
4.49618
4.61466
4.72513
4.82733
4.91813
4.98581
0.470468
0.964719
1.45636
1.90709
2.30249
2.64212
2.93206
3.18036
3.39484
3.58224
3.74798
3.89628
4.03038
4.15276
4.26529
4.36939
4.46596
4.55498
4.63411
4.69323
0.46052
0.929279
1.38754
1.80175
2.16039
2.46496
2.7225
2.94118
3.12853
3.29087
3.4332
3.55944
3.67258
3.77496
3.86842
3.95433
4.03367
4.10667
4.1718
4.22072
0.438373
0.84193
1.21576
1.54258
1.82228
2.06038
2.26332
2.437
2.58655
2.71629
2.82979
2.93003
3.01945
3.10004
3.17343
3.24083
3.30319
3.36083
3.41301
3.45295
0.463724
0.476538
0.532722
0.620316
0.726384
0.841084
0.957473
1.07112
1.17962
1.28197
1.37808
1.46829
1.55317
1.63335
1.70939
1.78178
1.85082
1.91645
1.97763
2.02899
0.426224
0.359999
0.320487
0.300362
0.295489
0.302768
0.319876
0.34487
0.376018
0.411757
0.450709
0.491719
0.533866
0.576453
0.618972
0.661071
0.702479
0.742893
0.781654
0.815919
0.13338
0.187236
0.254158
0.329074
0.407123
0.484801
0.559976
0.631495
0.698857
0.761977
0.821017
0.876265
0.928067
0.976778
1.02273
1.06625
1.1075
1.14646
1.18242
1.21159
0.126777
0.191765
0.28336
0.391523
0.506897
0.622347
0.733309
0.837376
0.933665
1.02224
1.10366
1.1787
1.24816
1.31278
1.37321
1.42996
1.48337
1.5334
1.57893
1.61461
0.127638
0.197552
0.299364
0.422816
0.557257
0.69387
0.826573
0.951887
1.06833
1.17574
1.27467
1.36598
1.45064
1.52952
1.60338
1.67282
1.73819
1.79935
1.85468
1.89731
0.128014
0.199632
0.305347
0.435381
0.578987
0.726786
0.871945
1.0103
1.13987
1.26018
1.37162
1.47502
1.57132
1.66142
1.7461
1.82597
1.90135
1.97192
2.03561
2.08423
0.128123
0.200298
0.307448
0.440183
0.587919
0.741202
0.892956
1.03871
1.1762
1.30472
1.4245
1.53626
1.64088
1.73921
1.83203
1.91988
2.00302
2.08099
2.1513
2.20468
0.128155
0.200504
0.308154
0.441928
0.591405
0.747208
0.902237
1.05193
1.19391
1.32733
1.45233
1.56954
1.67977
1.78382
1.88239
1.97601
2.06486
2.14832
2.22358
2.28054
0.128164
0.200568
0.308392
0.44256
0.592752
0.749663
0.906232
1.0579
1.20225
1.33841
1.46647
1.58699
1.70075
1.8085
1.9109
2.00843
2.1012
2.18848
2.26721
2.32669
0.128167
0.200588
0.308472
0.442787
0.59326
0.750635
0.907883
1.06047
1.20598
1.34355
1.47323
1.59559
1.71137
1.82129
1.92599
2.0259
2.12109
2.21076
2.29168
2.35277
0.128168
0.200593
0.308497
0.44286
0.593431
0.750972
0.908475
1.06142
1.20739
1.34554
1.47593
1.59909
1.71577
1.82668
1.93245
2.03348
2.12982
2.22064
2.30261
2.36448
0.128168
0.200593
0.308497
0.44286
0.593431
0.750972
0.908475
1.06142
1.20739
1.34554
1.47593
1.59909
1.71577
1.82668
1.93245
2.03348
2.12982
2.22064
2.30261
2.36447
0.128167
0.200588
0.308472
0.442787
0.59326
0.750635
0.907883
1.06047
1.20598
1.34355
1.47323
1.5956
1.71137
1.82129
1.92598
2.0259
2.12109
2.21076
2.29168
2.35276
0.128164
0.200568
0.308392
0.44256
0.592752
0.749663
0.906232
1.0579
1.20225
1.33841
1.46647
1.58699
1.70075
1.8085
1.9109
2.00843
2.10119
2.18848
2.2672
2.32668
0.128155
0.200504
0.308154
0.441928
0.591405
0.747208
0.902237
1.05193
1.19391
1.32733
1.45233
1.56954
1.67977
1.78382
1.88239
1.97601
2.06486
2.14832
2.22357
2.28052
0.128123
0.200298
0.307448
0.440183
0.587919
0.741202
0.892956
1.03871
1.1762
1.30472
1.4245
1.53626
1.64088
1.73921
1.83203
1.91988
2.00302
2.08099
2.15129
2.20466
0.128014
0.199632
0.305347
0.435381
0.578987
0.726786
0.871945
1.0103
1.13987
1.26018
1.37162
1.47502
1.57132
1.66142
1.7461
1.82597
1.90135
1.97192
2.03561
2.08421
0.127638
0.197552
0.299364
0.422816
0.557257
0.69387
0.826573
0.951887
1.06833
1.17574
1.27467
1.36599
1.45064
1.52952
1.60338
1.67282
1.73819
1.79935
1.85467
1.89729
0.126777
0.191765
0.28336
0.391523
0.506897
0.622347
0.733309
0.837376
0.933665
1.02224
1.10366
1.1787
1.24816
1.31278
1.37321
1.42996
1.48336
1.5334
1.57893
1.6146
0.13338
0.187236
0.254158
0.329074
0.407123
0.484801
0.559976
0.631495
0.698857
0.761977
0.821017
0.876265
0.928067
0.976778
1.02273
1.06625
1.1075
1.14646
1.18241
1.21157
0.426224
0.359999
0.320487
0.300362
0.295489
0.302768
0.319876
0.34487
0.376018
0.411757
0.450709
0.491719
0.533866
0.576452
0.618972
0.66107
0.702477
0.742889
0.781647
0.815906
0.422
0.344695
0.289759
0.249937
0.220976
0.20012
0.185603
0.176256
0.171273
0.170085
0.172267
0.17747
0.18539
0.195741
0.208239
0.222602
0.238536
0.25572
0.273713
0.29113
0.109525
0.115333
0.120449
0.126995
0.13574
0.146792
0.160065
0.17536
0.192411
0.210923
0.230597
0.251151
0.272328
0.293903
0.315684
0.337509
0.359226
0.380644
0.401292
0.419118
0.0969733
0.0996881
0.108443
0.122919
0.142528
0.166499
0.193979
0.224111
0.256103
0.28926
0.323003
0.356875
0.390529
0.423713
0.456253
0.488028
0.518926
0.548745
0.57679
0.599944
0.0961935
0.0987944
0.10893
0.126618
0.15137
0.182313
0.218313
0.258122
0.300523
0.344428
0.388943
0.433379
0.477242
0.520202
0.562052
0.602666
0.641924
0.679561
0.714606
0.742911
0.0961768
0.0989425
0.109719
0.128817
0.155993
0.190516
0.23126
0.276857
0.325879
0.37699
0.429054
0.481182
0.532727
0.583256
0.6325
0.680291
0.726468
0.77067
0.811645
0.844333
0.0961893
0.0990365
0.110067
0.129742
0.157989
0.194225
0.237416
0.286206
0.339105
0.394662
0.451605
0.508911
0.565818
0.621802
0.676524
0.729762
0.781296
0.83066
0.876343
0.91253
0.0961944
0.0990699
0.11019
0.130085
0.158771
0.195766
0.240125
0.290546
0.345549
0.403658
0.463544
0.524111
0.584529
0.644207
0.70275
0.759883
0.815327
0.868521
0.917736
0.956571
0.096196
0.0990804
0.110231
0.130206
0.159065
0.196382
0.24127
0.292477
0.348554
0.408033
0.469574
0.532059
0.59462
0.656631
0.717659
0.777389
0.835497
0.891342
0.943032
0.983737
0.0961964
0.0990834
0.110244
0.130247
0.159172
0.196619
0.241732
0.293293
0.349877
0.410035
0.472433
0.535946
0.599698
0.663045
0.725533
0.786824
0.846561
0.904053
0.957297
0.999186
0.0961965
0.0990841
0.110248
0.130259
0.159206
0.196698
0.241894
0.293588
0.350372
0.410805
0.47356
0.537516
0.601792
0.665739
0.728896
0.790913
0.851417
0.909692
0.963682
1.00614
0.0961965
0.0990841
0.110248
0.130259
0.159206
0.196698
0.241894
0.293588
0.350372
0.410805
0.47356
0.537516
0.601792
0.665739
0.728896
0.790912
0.851417
0.909692
0.963681
1.00614
0.0961964
0.0990834
0.110244
0.130247
0.159172
0.196619
0.241732
0.293293
0.349877
0.410035
0.472433
0.535946
0.599698
0.663045
0.725533
0.786824
0.84656
0.904051
0.957294
0.999181
0.096196
0.0990804
0.110231
0.130206
0.159065
0.196382
0.24127
0.292477
0.348554
0.408033
0.469574
0.532059
0.59462
0.65663
0.717658
0.777388
0.835495
0.891339
0.943028
0.98373
0.0961944
0.0990699
0.11019
0.130085
0.158771
0.195766
0.240125
0.290546
0.345549
0.403658
0.463544
0.524111
0.584529
0.644206
0.702749
0.759882
0.815325
0.868518
0.91773
0.956562
0.0961893
0.0990365
0.110067
0.129742
0.157989
0.194225
0.237416
0.286206
0.339105
0.394662
0.451605
0.508911
0.565818
0.621802
0.676524
0.729761
0.781294
0.830656
0.876336
0.91252
0.0961768
0.0989425
0.109719
0.128817
0.155993
0.190516
0.23126
0.276857
0.325879
0.37699
0.429054
0.481182
0.532727
0.583256
0.632499
0.680289
0.726466
0.770666
0.811638
0.844322
0.0961935
0.0987944
0.10893
0.126618
0.15137
0.182313
0.218313
0.258122
0.300523
0.344428
0.388943
0.433379
0.477242
0.520202
0.562052
0.602664
0.641922
0.679557
0.7146
0.7429
0.0969733
0.0996881
0.108443
0.122919
0.142528
0.166499
0.193979
0.224111
0.256103
0.28926
0.323003
0.356875
0.390529
0.423713
0.456253
0.488027
0.518924
0.548741
0.576784
0.599935
0.109525
0.115333
0.120449
0.126995
0.13574
0.146792
0.160065
0.17536
0.192411
0.210923
0.230597
0.251151
0.272328
0.293903
0.315683
0.337508
0.359225
0.380641
0.401287
0.41911
0.422
0.344695
0.289759
0.249937
0.220976
0.20012
0.185603
0.176256
0.171273
0.170085
0.172267
0.17747
0.18539
0.19574
0.208239
0.222601
0.238535
0.255719
0.27371
0.291124
0.421535
0.342749
0.285511
0.242569
0.209629
0.183915
0.163617
0.147508
0.134729
0.124668
0.116883
0.111048
0.106928
0.104346
0.103173
0.103311
0.104681
0.107211
0.110798
0.115065
0.107504
0.108171
0.105281
0.101204
0.0971092
0.0935019
0.0906812
0.0888252
0.0880286
0.0883302
0.0897332
0.092216
0.0957394
0.10025
0.105681
0.111959
0.118994
0.126678
0.134797
0.142489
0.0940691
0.0891703
0.0857395
0.0837273
0.083118
0.0838984
0.086052
0.0895564
0.0943808
0.100484
0.107813
0.116301
0.125868
0.13642
0.147852
0.160046
0.172869
0.186147
0.199506
0.211416
0.0930157
0.0870916
0.0832179
0.0814557
0.0818066
0.0842358
0.0886881
0.0950935
0.103367
0.113406
0.125089
0.138275
0.152804
0.168502
0.185186
0.202666
0.22074
0.239143
0.257316
0.273063
0.092927
0.0868817
0.0829738
0.081367
0.0821491
0.0853581
0.0909967
0.0990351
0.109409
0.122013
0.136702
0.153288
0.171551
0.191244
0.212109
0.233885
0.256293
0.278979
0.301195
0.320143
0.092921
0.0868716
0.0829868
0.0814671
0.0824487
0.086025
0.0922565
0.101167
0.112736
0.126889
0.143486
0.16233
0.183167
0.205708
0.229639
0.25464
0.28037
0.306389
0.331784
0.353254
0.0929211
0.0868751
0.0830039
0.0815224
0.0825888
0.0863272
0.0928353
0.102179
0.114377
0.129391
0.147106
0.167333
0.189813
0.214236
0.240259
0.267521
0.295634
0.32409
0.351838
0.375189
0.0929213
0.0868768
0.0830112
0.0815444
0.0826444
0.0864503
0.0930805
0.102626
0.115136
0.130598
0.148922
0.169937
0.193391
0.218969
0.246316
0.275049
0.30475
0.334862
0.364235
0.388895
0.0929214
0.0868775
0.0830137
0.0815521
0.0826647
0.0864973
0.0931783
0.102812
0.115465
0.131142
0.149773
0.171198
0.195176
0.221397
0.249502
0.279099
0.309752
0.340875
0.371253
0.396729
0.0929214
0.0868776
0.0830144
0.0815545
0.0826712
0.0865129
0.093212
0.102879
0.115586
0.131349
0.150104
0.171702
0.195906
0.222411
0.250856
0.280847
0.311942
0.34354
0.374395
0.400261
0.0929214
0.0868776
0.0830144
0.0815545
0.0826712
0.0865129
0.093212
0.102879
0.115586
0.131349
0.150104
0.171702
0.195906
0.222411
0.250856
0.280847
0.311942
0.34354
0.374394
0.40026
0.0929214
0.0868775
0.0830137
0.0815521
0.0826647
0.0864973
0.0931783
0.102812
0.115465
0.131142
0.149773
0.171198
0.195176
0.221397
0.249502
0.279098
0.309751
0.340874
0.371251
0.396727
0.0929213
0.0868768
0.0830112
0.0815444
0.0826444
0.0864503
0.0930805
0.102626
0.115136
0.130598
0.148922
0.169937
0.193391
0.218969
0.246315
0.275048
0.304749
0.334861
0.364233
0.388891
0.0929211
0.0868751
0.0830039
0.0815224
0.0825888
0.0863272
0.0928353
0.102179
0.114377
0.129391
0.147106
0.167333
0.189813
0.214236
0.240259
0.26752
0.295632
0.324088
0.351835
0.375184
0.092921
0.0868716
0.0829868
0.0814671
0.0824487
0.086025
0.0922565
0.101167
0.112736
0.126889
0.143486
0.16233
0.183167
0.205707
0.229639
0.254639
0.280369
0.306387
0.33178
0.353248
0.092927
0.0868817
0.0829738
0.081367
0.0821491
0.0853581
0.0909967
0.0990351
0.109409
0.122013
0.136702
0.153288
0.171551
0.191244
0.212109
0.233884
0.256292
0.278976
0.301191
0.320137
0.0930157
0.0870916
0.0832179
0.0814557
0.0818066
0.0842358
0.0886881
0.0950935
0.103367
0.113406
0.125089
0.138275
0.152804
0.168502
0.185186
0.202666
0.220738
0.239141
0.257313
0.273057
0.0940691
0.0891703
0.0857395
0.0837273
0.083118
0.0838984
0.086052
0.0895564
0.0943808
0.100484
0.107813
0.116301
0.125868
0.13642
0.147852
0.160046
0.172868
0.186145
0.199503
0.211412
0.107504
0.108171
0.105281
0.101204
0.0971092
0.0935019
0.0906812
0.0888252
0.0880286
0.0883302
0.0897332
0.092216
0.0957394
0.10025
0.105681
0.111958
0.118994
0.126677
0.134795
0.142486
0.421535
0.342749
0.285511
0.242569
0.209629
0.183915
0.163617
0.147508
0.134729
0.124668
0.116883
0.111048
0.106928
0.104346
0.103173
0.103311
0.104681
0.107211
0.110797
0.115063
0.421479
0.342488
0.28489
0.241414
0.207751
0.18112
0.159701
0.142255
0.127905
0.116017
0.106122
0.0978653
0.0909783
0.085255
0.080537
0.0767019
0.0736558
0.0713249
0.0696496
0.0685467
0.107313
0.10741
0.103513
0.0979525
0.0918944
0.085846
0.0801092
0.0748628
0.0702014
0.0661655
0.0627645
0.0599917
0.0578323
0.0562686
0.0552825
0.0548564
0.054972
0.0556077
0.0567194
0.0581116
0.0937599
0.0878947
0.0826981
0.0780429
0.0739021
0.0702822
0.067199
0.0646679
0.0627008
0.061306
0.0604896
0.0602561
0.0606091
0.061551
0.0630819
0.0651987
0.0678917
0.0711357
0.0748432
0.0785456
0.0926631
0.0856098
0.0796133
0.0745897
0.0704803
0.0672381
0.0648243
0.0632076
0.0623637
0.0622762
0.062935
0.0643353
0.0664747
0.0693513
0.0729606
0.0772922
0.0823241
0.0880066
0.09418
0.100056
0.0925615
0.0853329
0.0791677
0.0740369
0.0699181
0.0667896
0.0646298
0.0634189
0.0631418
0.0637893
0.065358
0.067848
0.0712607
0.0755944
0.0808412
0.0869822
0.0939797
0.101753
0.110064
0.117815
0.0925519
0.0853029
0.0791156
0.073973
0.0698685
0.0667981
0.0647584
0.0637479
0.0637694
0.0648313
0.0669465
0.0701301
0.0743954
0.0797492
0.0861869
0.0936865
0.102199
0.111617
0.121629
0.130875
0.092551
0.0853005
0.0791124
0.0739728
0.0698806
0.06684
0.0648577
0.0639447
0.0641181
0.0654018
0.0678253
0.0714201
0.0762146
0.0822282
0.0894647
0.097905
0.107495
0.118109
0.129379
0.139735
0.092551
0.0853007
0.0791134
0.0739763
0.0698904
0.0668631
0.0649065
0.0640384
0.0642848
0.0656803
0.0682666
0.0720886
0.077188
0.0835964
0.0913277
0.100369
0.110666
0.122081
0.134208
0.145328
0.092551
0.0853008
0.079114
0.073978
0.0698947
0.0668729
0.0649269
0.0640782
0.0643573
0.0658051
0.0684708
0.0724079
0.0776674
0.0842902
0.0922983
0.101685
0.112397
0.124294
0.136943
0.148533
0.092551
0.0853009
0.0791142
0.0739787
0.0698962
0.0668762
0.0649341
0.0640924
0.0643838
0.065852
0.0685495
0.072534
0.0778611
0.0845766
0.0927069
0.102249
0.113151
0.125271
0.138165
0.149977
0.092551
0.0853009
0.0791142
0.0739787
0.0698962
0.0668762
0.0649341
0.0640924
0.0643838
0.065852
0.0685495
0.072534
0.0778611
0.0845766
0.0927069
0.102248
0.113151
0.125271
0.138164
0.149976
0.092551
0.0853008
0.079114
0.073978
0.0698947
0.0668729
0.0649269
0.0640782
0.0643573
0.0658051
0.0684708
0.0724079
0.0776674
0.0842902
0.0922982
0.101685
0.112397
0.124294
0.136942
0.148532
0.092551
0.0853007
0.0791134
0.0739763
0.0698904
0.0668631
0.0649065
0.0640384
0.0642848
0.0656803
0.0682666
0.0720886
0.0771879
0.0835963
0.0913276
0.100369
0.110665
0.122081
0.134207
0.145326
0.092551
0.0853005
0.0791124
0.0739728
0.0698806
0.06684
0.0648577
0.0639447
0.0641181
0.0654018
0.0678253
0.0714201
0.0762146
0.0822281
0.0894646
0.0979048
0.107495
0.118108
0.129377
0.139732
0.0925519
0.0853029
0.0791156
0.073973
0.0698685
0.0667981
0.0647584
0.0637479
0.0637694
0.0648313
0.0669465
0.0701301
0.0743954
0.0797492
0.0861868
0.0936862
0.102198
0.111616
0.121628
0.130872
0.0925615
0.0853329
0.0791677
0.0740369
0.0699181
0.0667896
0.0646298
0.0634189
0.0631418
0.0637893
0.065358
0.067848
0.0712606
0.0755943
0.0808411
0.0869819
0.0939792
0.101752
0.110062
0.117812
0.0926631
0.0856098
0.0796133
0.0745897
0.0704803
0.0672381
0.0648243
0.0632076
0.0623637
0.0622762
0.062935
0.0643353
0.0664747
0.0693513
0.0729605
0.077292
0.0823237
0.0880058
0.0941786
0.100054
0.0937599
0.0878947
0.0826981
0.0780429
0.0739021
0.0702822
0.067199
0.0646679
0.0627008
0.061306
0.0604896
0.0602561
0.0606091
0.061551
0.0630819
0.0651986
0.0678913
0.0711351
0.0748421
0.078544
0.107313
0.10741
0.103513
0.0979525
0.0918944
0.085846
0.0801092
0.0748628
0.0702014
0.0661655
0.0627645
0.0599917
0.0578323
0.0562686
0.0552825
0.0548563
0.0549718
0.0556074
0.0567188
0.0581105
0.421479
0.342488
0.28489
0.241414
0.207751
0.18112
0.159701
0.142255
0.127905
0.116017
0.106122
0.0978653
0.0909783
0.085255
0.0805369
0.0767018
0.0736557
0.0713247
0.0696493
0.0685462
0.421472
0.342452
0.284795
0.241225
0.207425
0.180608
0.158952
0.141213
0.126511
0.114206
0.103822
0.0949975
0.087456
0.0809814
0.0754043
0.0705903
0.0664328
0.0628457
0.0597623
0.0571535
0.107293
0.107323
0.103297
0.0975289
0.0911738
0.0847305
0.0784934
0.0726339
0.0672387
0.06234
0.057938
0.0540156
0.0505472
0.0475046
0.0448597
0.0425863
0.0406614
0.0390645
0.037777
0.0368016
0.0937251
0.087736
0.0822848
0.0772082
0.0724551
0.0680176
0.0639034
0.0601231
0.0566842
0.05359
0.0508394
0.048429
0.0463534
0.0446068
0.0431839
0.0420797
0.04129
0.0408098
0.0406255
0.0406761
0.0926217
0.0854175
0.0791005
0.0735293
0.0686032
0.0642475
0.0604073
0.0570409
0.0541167
0.0516101
0.049502
0.047778
0.0464274
0.0454431
0.0448212
0.0445599
0.0446587
0.0451144
0.045902
0.0468601
0.0925179
0.0851287
0.0786168
0.0728832
0.0678492
0.0634515
0.0596392
0.0563711
0.0536137
0.0513402
0.04953
0.0481675
0.0472424
0.046749
0.0466854
0.0470526
0.0478526
0.0490814
0.0506983
0.0524367
0.0925077
0.085095
0.078552
0.072786
0.0677258
0.063316
0.0595128
0.0562816
0.0535948
0.051431
0.0497742
0.0486142
0.0479455
0.0477676
0.0480839
0.0489007
0.0502239
0.05205
0.0543242
0.0566876
0.0925067
0.0850915
0.0785448
0.0727746
0.0677114
0.0633023
0.0595072
0.0562951
0.0536429
0.0515342
0.0499583
0.0489105
0.0483915
0.0484073
0.0489677
0.0500853
0.0517714
0.0540249
0.0567805
0.0596074
0.0925066
0.0850913
0.0785445
0.0727744
0.0677119
0.0633049
0.0595145
0.056312
0.0536766
0.0515948
0.05006
0.0490717
0.0486355
0.0487627
0.0494692
0.0507734
0.0526921
0.055227
0.0583066
0.0614497
0.0925066
0.0850914
0.0785448
0.072775
0.067713
0.0633072
0.0595191
0.0563209
0.053693
0.0516237
0.0501083
0.0491491
0.048755
0.048941
0.0497269
0.0511357
0.0531881
0.0558889
0.0591632
0.0624985
0.0925066
0.0850914
0.0785449
0.0727753
0.0677136
0.0633082
0.059521
0.0563243
0.0536992
0.0516346
0.0501269
0.0491795
0.0488027
0.0490135
0.0498338
0.0512888
0.0534015
0.0561782
0.0595426
0.0629678
0.0925066
0.0850914
0.0785449
0.0727753
0.0677136
0.0633082
0.059521
0.0563243
0.0536992
0.0516346
0.0501269
0.0491795
0.0488027
0.0490135
0.0498338
0.0512888
0.0534015
0.0561781
0.0595425
0.0629676
0.0925066
0.0850914
0.0785448
0.072775
0.067713
0.0633072
0.0595191
0.0563209
0.053693
0.0516237
0.0501083
0.0491491
0.048755
0.048941
0.0497269
0.0511357
0.0531881
0.0558888
0.0591629
0.0624981
0.0925066
0.0850913
0.0785445
0.0727744
0.0677119
0.0633049
0.0595145
0.056312
0.0536766
0.0515948
0.05006
0.0490717
0.0486355
0.0487627
0.0494692
0.0507734
0.0526919
0.0552268
0.0583062
0.0614491
0.0925067
0.0850915
0.0785448
0.0727746
0.0677114
0.0633023
0.0595072
0.0562951
0.0536429
0.0515342
0.0499583
0.0489105
0.0483915
0.0484073
0.0489677
0.0500852
0.0517713
0.0540246
0.05678
0.0596066
0.0925077
0.085095
0.078552
0.072786
0.0677258
0.063316
0.0595128
0.0562816
0.0535948
0.051431
0.0497742
0.0486142
0.0479455
0.0477675
0.0480839
0.0489006
0.0502237
0.0520497
0.0543236
0.0566867
0.0925179
0.0851287
0.0786168
0.0728832
0.0678492
0.0634515
0.0596392
0.0563711
0.0536137
0.0513402
0.04953
0.0481675
0.0472424
0.046749
0.0466853
0.0470526
0.0478525
0.0490811
0.0506978
0.0524359
0.0926217
0.0854175
0.0791005
0.0735293
0.0686032
0.0642475
0.0604073
0.0570409
0.0541167
0.0516101
0.049502
0.047778
0.0464274
0.0454431
0.0448212
0.0445598
0.0446586
0.0451142
0.0459015
0.0468594
0.0937251
0.087736
0.0822848
0.0772082
0.0724551
0.0680176
0.0639034
0.0601231
0.0566842
0.05359
0.0508394
0.048429
0.0463534
0.0446068
0.0431839
0.0420796
0.0412899
0.0408096
0.0406252
0.0406756
0.107293
0.107323
0.103297
0.0975289
0.0911738
0.0847305
0.0784934
0.0726339
0.0672387
0.06234
0.057938
0.0540156
0.0505472
0.0475046
0.0448597
0.0425863
0.0406613
0.0390644
0.0377768
0.0368013
0.421472
0.342452
0.284795
0.241225
0.207425
0.180608
0.158952
0.141213
0.126511
0.114206
0.103822
0.0949975
0.087456
0.0809814
0.0754043
0.0705903
0.0664328
0.0628457
0.0597622
0.0571533
0.421471
0.342446
0.28478
0.241192
0.207364
0.180509
0.158802
0.140996
0.126211
0.113804
0.103298
0.0943298
0.0866196
0.0799491
0.0741459
0.0690724
0.0646183
0.0606937
0.0572287
0.0542057
0.107291
0.107313
0.103269
0.0974707
0.0910698
0.0845618
0.0782383
0.0722676
0.0667338
0.0616661
0.0570613
0.0528988
0.0491494
0.0457803
0.0427588
0.0400537
0.0376365
0.0354817
0.0335694
0.0319414
0.0937209
0.0877157
0.0822279
0.0770855
0.0722291
0.0676437
0.0633314
0.0592978
0.0555465
0.0520767
0.0488837
0.0459595
0.0432942
0.0408767
0.0386957
0.03674
0.0349992
0.0334637
0.032128
0.0310388
0.0926166
0.0853921
0.0790272
0.0733668
0.0682958
0.0637275
0.0595967
0.0558536
0.0524598
0.0493853
0.0466054
0.0441002
0.0418529
0.0398494
0.0380781
0.0365292
0.0351949
0.0340684
0.0331451
0.0324486
0.0925125
0.0851012
0.0785367
0.072703
0.0675033
0.0628577
0.0587006
0.0549782
0.0516466
0.04867
0.0460191
0.0436697
0.0416025
0.0398016
0.0382547
0.0369521
0.0358866
0.0350521
0.0344413
0.0340477
0.0925021
0.0850668
0.0784695
0.0725992
0.0673647
0.0626911
0.0585168
0.0547909
0.0514716
0.0485243
0.0459208
0.0436381
0.0416575
0.0399644
0.0385477
0.0373992
0.0365133
0.0358853
0.0355052
0.0353392
0.0925011
0.0850631
0.0784615
0.0725855
0.0673448
0.0626656
0.0584878
0.0547622
0.0514486
0.0485142
0.0459323
0.0436818
0.0417459
0.0401122
0.0387714
0.037718
0.0369484
0.0364598
0.036241
0.0362369
0.092501
0.0850629
0.0784611
0.0725846
0.0673434
0.0626638
0.0584862
0.054762
0.0514518
0.0485237
0.0459525
0.0437181
0.0418055
0.0402038
0.038906
0.0379083
0.0372098
0.0368093
0.0366954
0.0367984
0.092501
0.0850629
0.0784612
0.072585
0.0673439
0.0626646
0.0584875
0.0547642
0.0514557
0.0485307
0.0459645
0.0437378
0.0418365
0.0402511
0.0389756
0.0380081
0.037349
0.0369989
0.0369463
0.0371127
0.092501
0.0850629
0.0784613
0.0725852
0.0673442
0.0626651
0.0584882
0.0547653
0.0514575
0.0485337
0.0459694
0.0437457
0.0418491
0.0402703
0.0390043
0.0380497
0.037408
0.0370804
0.0370556
0.0372512
0.092501
0.0850629
0.0784613
0.0725852
0.0673442
0.0626651
0.0584882
0.0547653
0.0514575
0.0485337
0.0459694
0.0437457
0.0418491
0.0402703
0.0390043
0.0380497
0.037408
0.0370804
0.0370556
0.0372512
0.092501
0.0850629
0.0784612
0.072585
0.0673439
0.0626646
0.0584875
0.0547642
0.0514557
0.0485307
0.0459645
0.0437378
0.0418365
0.0402511
0.0389756
0.0380081
0.037349
0.0369988
0.0369462
0.0371126
0.092501
0.0850629
0.0784611
0.0725846
0.0673434
0.0626638
0.0584862
0.054762
0.0514518
0.0485237
0.0459525
0.0437181
0.0418055
0.0402038
0.038906
0.0379083
0.0372098
0.0368093
0.0366953
0.0367982
0.0925011
0.0850631
0.0784615
0.0725855
0.0673448
0.0626656
0.0584878
0.0547622
0.0514486
0.0485142
0.0459323
0.0436818
0.0417459
0.0401121
0.0387714
0.0377179
0.0369483
0.0364597
0.0362409
0.0362367
0.0925021
0.0850668
0.0784695
0.0725992
0.0673647
0.0626911
0.0585168
0.0547909
0.0514716
0.0485243
0.0459208
0.0436381
0.0416575
0.0399644
0.0385477
0.0373992
0.0365133
0.0358852
0.0355051
0.035339
0.0925125
0.0851012
0.0785367
0.072703
0.0675033
0.0628577
0.0587006
0.0549782
0.0516466
0.04867
0.0460191
0.0436697
0.0416025
0.0398016
0.0382547
0.0369521
0.0358866
0.035052
0.0344411
0.0340474
0.0926166
0.0853921
0.0790272
0.0733668
0.0682958
0.0637275
0.0595967
0.0558536
0.0524598
0.0493853
0.0466054
0.0441002
0.0418529
0.0398494
0.0380781
0.0365292
0.0351949
0.0340684
0.0331449
0.0324484
0.0937209
0.0877157
0.0822279
0.0770855
0.0722291
0.0676437
0.0633314
0.0592978
0.0555465
0.0520767
0.0488837
0.0459595
0.0432942
0.0408767
0.0386957
0.03674
0.0349992
0.0334637
0.0321279
0.0310387
0.107291
0.107313
0.103269
0.0974707
0.0910698
0.0845618
0.0782383
0.0722676
0.0667338
0.0616661
0.0570613
0.0528988
0.0491494
0.0457803
0.0427588
0.0400537
0.0376365
0.0354817
0.0335694
0.0319414
0.421471
0.342446
0.28478
0.241192
0.207364
0.180509
0.158802
0.140996
0.126211
0.113804
0.103298
0.0943298
0.0866196
0.0799491
0.0741459
0.0690724
0.0646183
0.0606937
0.0572287
0.0542056
0.421471
0.342445
0.284777
0.241185
0.207352
0.180488
0.158769
0.140948
0.126143
0.11371
0.103173
0.0941667
0.0864111
0.079687
0.073821
0.0686746
0.0641364
0.0601153
0.0565404
0.0533969
0.10729
0.107311
0.103265
0.0974619
0.0910534
0.0845344
0.0781954
0.072204
0.0666433
0.0615416
0.0568949
0.0526813
0.0488707
0.045429
0.0423221
0.0395173
0.0369845
0.0346964
0.0326317
0.0308393
0.0937204
0.087713
0.0822199
0.0770671
0.0721934
0.0675818
0.0632323
0.0591488
0.055333
0.0517825
0.0484908
0.0454483
0.0426431
0.0400623
0.0376923
0.0355198
0.0335317
0.0317162
0.0300678
0.0286597
0.092616
0.0853886
0.0790166
0.0733417
0.0682457
0.0636382
0.0594504
0.0556293
0.0521335
0.0489298
0.0459912
0.0432947
0.0408212
0.0385537
0.0364776
0.03458
0.0328497
0.0312772
0.0298607
0.0286747
0.0925118
0.0850974
0.0785249
0.0726748
0.0674459
0.0627537
0.0585275
0.0547088
0.0512491
0.0481082
0.0452527
0.0426546
0.0402905
0.0381407
0.0361887
0.0344204
0.0328242
0.0313906
0.0301182
0.0290749
0.0925014
0.0850629
0.0784573
0.0725697
0.0673043
0.0625806
0.0583313
0.0544995
0.0510375
0.0479052
0.0450687
0.0424995
0.0401738
0.0380714
0.0361754
0.034472
0.0329495
0.0315989
0.0304183
0.0294686
0.0925003
0.0850591
0.0784491
0.0725556
0.0672832
0.0625526
0.0582973
0.0544614
0.050998
0.0478678
0.0450374
0.0424789
0.0401689
0.0380878
0.0362194
0.0345502
0.0330696
0.031769
0.0306465
0.0297573
0.0925002
0.0850588
0.0784486
0.0725546
0.0672814
0.0625499
0.0582937
0.0544573
0.0509942
0.0478653
0.0450378
0.0424842
0.0401816
0.0381109
0.0362566
0.0346059
0.0331488
0.0318775
0.0307905
0.0299387
0.0925002
0.0850589
0.0784488
0.0725549
0.0672818
0.0625504
0.0582943
0.0544581
0.0509954
0.0478673
0.0450412
0.0424899
0.0401908
0.0381251
0.0362777
0.0346365
0.0331917
0.0319365
0.0308692
0.0300386
0.0925002
0.0850589
0.0784489
0.0725551
0.0672822
0.0625508
0.0582948
0.0544587
0.0509963
0.0478685
0.045043
0.0424926
0.0401948
0.0381311
0.0362866
0.0346492
0.0332098
0.0319615
0.0309029
0.0300818
0.0925002
0.0850589
0.0784489
0.0725551
0.0672822
0.0625508
0.0582948
0.0544587
0.0509963
0.0478685
0.045043
0.0424926
0.0401948
0.0381311
0.0362866
0.0346492
0.0332098
0.0319615
0.0309029
0.0300818
0.0925002
0.0850589
0.0784488
0.0725549
0.0672818
0.0625504
0.0582943
0.0544581
0.0509954
0.0478673
0.0450412
0.0424899
0.0401908
0.0381251
0.0362777
0.0346365
0.0331917
0.0319365
0.0308692
0.0300386
0.0925002
0.0850588
0.0784486
0.0725546
0.0672814
0.0625499
0.0582937
0.0544573
0.0509942
0.0478653
0.0450378
0.0424842
0.0401816
0.0381109
0.0362566
0.0346059
0.0331488
0.0318775
0.0307905
0.0299387
0.0925003
0.0850591
0.0784491
0.0725556
0.0672832
0.0625526
0.0582973
0.0544614
0.050998
0.0478678
0.0450374
0.0424789
0.0401689
0.0380878
0.0362194
0.0345502
0.0330696
0.0317689
0.0306465
0.0297573
0.0925014
0.0850629
0.0784573
0.0725697
0.0673043
0.0625806
0.0583313
0.0544995
0.0510375
0.0479052
0.0450687
0.0424995
0.0401738
0.0380714
0.0361754
0.034472
0.0329495
0.0315988
0.0304182
0.0294685
0.0925118
0.0850974
0.0785249
0.0726748
0.0674459
0.0627537
0.0585275
0.0547088
0.0512491
0.0481082
0.0452527
0.0426546
0.0402905
0.0381407
0.0361887
0.0344204
0.0328242
0.0313906
0.0301181
0.0290748
0.092616
0.0853886
0.0790166
0.0733417
0.0682457
0.0636382
0.0594504
0.0556293
0.0521335
0.0489298
0.0459912
0.0432947
0.0408212
0.0385537
0.0364776
0.03458
0.0328497
0.0312772
0.0298607
0.0286746
0.0937204
0.087713
0.0822199
0.0770671
0.0721934
0.0675818
0.0632323
0.0591488
0.055333
0.0517825
0.0484908
0.0454483
0.0426431
0.0400623
0.0376923
0.0355198
0.0335317
0.0317161
0.0300678
0.0286597
0.10729
0.107311
0.103265
0.0974619
0.0910534
0.0845344
0.0781954
0.072204
0.0666433
0.0615416
0.0568949
0.0526813
0.0488707
0.045429
0.0423221
0.0395173
0.0369845
0.0346964
0.0326316
0.0308393
0.421471
0.342445
0.284777
0.241185
0.207352
0.180488
0.158769
0.140948
0.126143
0.11371
0.103173
0.0941667
0.0864111
0.079687
0.073821
0.0686746
0.0641364
0.0601153
0.0565404
0.0533969
0.421471
0.342445
0.284775
0.241182
0.207348
0.180482
0.15876
0.140935
0.126125
0.113687
0.103141
0.0941246
0.0863567
0.0796177
0.0737339
0.0685666
0.0640039
0.0599544
0.0563469
0.0531673
0.10729
0.107311
0.103264
0.0974602
0.0910501
0.084529
0.0781871
0.0721917
0.0666256
0.0615168
0.0568611
0.0526364
0.0488119
0.0453535
0.0422267
0.0393982
0.0368375
0.0345168
0.0324143
0.0305803
0.0937203
0.0877126
0.0822187
0.0770641
0.0721875
0.0675712
0.0632147
0.0591214
0.0552925
0.051725
0.0484117
0.0453425
0.0425048
0.0398851
0.0374692
0.0352427
0.0331918
0.0313039
0.0295732
0.0280789
0.0926159
0.0853881
0.079015
0.0733377
0.0682374
0.0636227
0.059424
0.0555872
0.0520699
0.048838
0.0458632
0.0431217
0.0405932
0.0382596
0.0361053
0.0341161
0.0322794
0.0305848
0.0290305
0.0277043
0.0925117
0.0850968
0.0785231
0.0726702
0.0674363
0.0627354
0.0584957
0.0546573
0.0511701
0.0479925
0.0450893
0.042431
0.0399928
0.0377531
0.0356939
0.0337993
0.0320559
0.0304528
0.0289892
0.0277539
0.0925013
0.0850623
0.0784553
0.0725649
0.067294
0.0625611
0.058297
0.0544433
0.0509504
0.0477762
0.0448847
0.0422455
0.0398324
0.0376231
0.0355986
0.0337424
0.0320406
0.0304822
0.0290666
0.0278817
0.0925002
0.0850585
0.0784472
0.0725507
0.0672728
0.0625326
0.0582619
0.0544031
0.0509072
0.0477324
0.0448432
0.042209
0.0398038
0.0376054
0.0355945
0.033755
0.0320729
0.0305374
0.0291479
0.0279914
0.0925001
0.0850582
0.0784466
0.0725496
0.0672709
0.0625296
0.0582579
0.0543982
0.0509018
0.0477272
0.0448389
0.0422067
0.0398048
0.0376109
0.0356063
0.0337746
0.0321023
0.0305787
0.0292037
0.028063
0.0925001
0.0850583
0.0784468
0.0725499
0.0672713
0.0625301
0.0582583
0.0543987
0.0509024
0.0477281
0.0448404
0.0422091
0.0398086
0.0376169
0.035615
0.0337871
0.0321196
0.0306021
0.0292345
0.0281022
0.0925001
0.0850583
0.0784469
0.0725501
0.0672716
0.0625304
0.0582588
0.0543992
0.050903
0.0477289
0.0448414
0.0422106
0.0398106
0.0376197
0.0356189
0.0337924
0.0321269
0.0306119
0.0292476
0.0281189
0.0925001
0.0850583
0.0784469
0.0725501
0.0672716
0.0625304
0.0582588
0.0543992
0.050903
0.0477289
0.0448414
0.0422106
0.0398106
0.0376197
0.0356189
0.0337924
0.0321269
0.0306119
0.0292475
0.0281189
0.0925001
0.0850583
0.0784468
0.0725499
0.0672713
0.0625301
0.0582583
0.0543987
0.0509024
0.0477281
0.0448404
0.0422091
0.0398086
0.0376169
0.035615
0.0337871
0.0321196
0.0306021
0.0292345
0.0281022
0.0925001
0.0850582
0.0784466
0.0725496
0.0672709
0.0625296
0.0582579
0.0543982
0.0509018
0.0477272
0.0448389
0.0422067
0.0398048
0.0376109
0.0356063
0.0337746
0.0321023
0.0305787
0.0292036
0.028063
0.0925002
0.0850585
0.0784472
0.0725507
0.0672728
0.0625326
0.0582619
0.0544031
0.0509072
0.0477324
0.0448432
0.042209
0.0398038
0.0376054
0.0355945
0.033755
0.0320729
0.0305374
0.0291479
0.0279914
0.0925013
0.0850623
0.0784553
0.0725649
0.067294
0.0625611
0.058297
0.0544433
0.0509504
0.0477762
0.0448847
0.0422455
0.0398324
0.0376231
0.0355986
0.0337424
0.0320406
0.0304822
0.0290666
0.0278817
0.0925117
0.0850968
0.0785231
0.0726702
0.0674363
0.0627354
0.0584957
0.0546573
0.0511701
0.0479925
0.0450893
0.042431
0.0399928
0.0377531
0.0356939
0.0337993
0.0320559
0.0304528
0.0289892
0.0277539
0.0926159
0.0853881
0.079015
0.0733377
0.0682374
0.0636227
0.059424
0.0555872
0.0520699
0.048838
0.0458632
0.0431217
0.0405932
0.0382596
0.0361053
0.0341161
0.0322794
0.0305848
0.0290305
0.0277043
0.0937203
0.0877126
0.0822187
0.0770641
0.0721875
0.0675712
0.0632147
0.0591214
0.0552925
0.051725
0.0484117
0.0453425
0.0425048
0.0398851
0.0374692
0.0352427
0.0331918
0.0313039
0.0295732
0.0280789
0.10729
0.107311
0.103264
0.0974602
0.0910501
0.084529
0.0781871
0.0721917
0.0666256
0.0615168
0.0568611
0.0526364
0.0488119
0.0453535
0.0422267
0.0393982
0.0368375
0.0345168
0.0324143
0.0305803
0.421471
0.342445
0.284775
0.241182
0.207348
0.180482
0.15876
0.140935
0.126125
0.113687
0.103141
0.0941246
0.0863567
0.0796177
0.0737339
0.0685666
0.0640039
0.0599544
0.0563469
0.0531673
0.421471
0.342445
0.284775
0.241181
0.207346
0.18048
0.158758
0.140932
0.12612
0.11368
0.103133
0.0941137
0.0863426
0.0795997
0.0737113
0.0685384
0.0639691
0.0599117
0.0562951
0.0531054
0.10729
0.107311
0.103264
0.0974597
0.0910493
0.0845277
0.0781852
0.0721889
0.0666217
0.0615115
0.0568539
0.0526268
0.0487993
0.0453372
0.0422058
0.0393718
0.0368046
0.034476
0.0323644
0.0305201
0.0937203
0.0877125
0.0822185
0.0770636
0.0721864
0.0675692
0.0632115
0.0591163
0.0552848
0.0517138
0.0483961
0.0453211
0.0424764
0.0398479
0.0374214
0.0351823
0.0331166
0.0312112
0.0294603
0.0279445
0.0926159
0.085388
0.0790147
0.073337
0.0682359
0.06362
0.0594193
0.0555795
0.0520579
0.0488201
0.0458376
0.0430863
0.0405453
0.0381965
0.0360237
0.0340124
0.0321496
0.0304244
0.0288349
0.0274722
0.0925117
0.0850967
0.0785228
0.0726694
0.0674346
0.0627322
0.05849
0.0546477
0.051155
0.0479696
0.0450561
0.0423845
0.0399292
0.0376684
0.0355833
0.0336575
0.031877
0.0302303
0.0287166
0.0274299
0.0925013
0.0850622
0.078455
0.0725641
0.0672923
0.0625576
0.0582908
0.0544328
0.0509336
0.0477505
0.0448471
0.0421921
0.0397587
0.037524
0.035468
0.0335736
0.0318261
0.0302135
0.0287354
0.0274866
0.0925002
0.0850584
0.0784469
0.0725499
0.067271
0.062529
0.0582555
0.0543922
0.0508896
0.0477054
0.0448033
0.0421519
0.0397246
0.0374981
0.0354523
0.0335699
0.0318361
0.0302389
0.028778
0.0275484
0.0925001
0.0850581
0.0784463
0.0725488
0.0672691
0.0625261
0.0582514
0.0543871
0.0508839
0.0476996
0.044798
0.042148
0.0397229
0.0374995
0.0354578
0.0335806
0.031853
0.0302631
0.0288107
0.0275909
0.0925001
0.0850582
0.0784465
0.0725491
0.0672694
0.0625264
0.0582518
0.0543875
0.0508843
0.0477002
0.044799
0.0421496
0.0397255
0.0375035
0.0354636
0.0335887
0.0318639
0.0302774
0.0288293
0.0276143
0.0925001
0.0850582
0.0784466
0.0725493
0.0672697
0.0625268
0.0582522
0.054388
0.0508849
0.0477009
0.0447998
0.0421508
0.039727
0.0375055
0.0354663
0.0335923
0.0318686
0.0302835
0.0288371
0.0276241
0.0925001
0.0850582
0.0784466
0.0725493
0.0672697
0.0625268
0.0582522
0.054388
0.0508849
0.0477009
0.0447998
0.0421508
0.039727
0.0375055
0.0354663
0.0335923
0.0318686
0.0302835
0.0288371
0.0276241
0.0925001
0.0850582
0.0784465
0.0725491
0.0672694
0.0625264
0.0582518
0.0543875
0.0508843
0.0477002
0.044799
0.0421496
0.0397255
0.0375035
0.0354636
0.0335887
0.0318639
0.0302774
0.0288293
0.0276143
0.0925001
0.0850581
0.0784463
0.0725488
0.0672691
0.0625261
0.0582514
0.0543871
0.0508839
0.0476996
0.044798
0.042148
0.0397229
0.0374995
0.0354578
0.0335806
0.031853
0.0302631
0.0288107
0.0275909
0.0925002
0.0850584
0.0784469
0.0725499
0.067271
0.062529
0.0582555
0.0543922
0.0508896
0.0477054
0.0448033
0.0421519
0.0397246
0.0374981
0.0354523
0.0335699
0.0318361
0.0302389
0.028778
0.0275484
0.0925013
0.0850622
0.078455
0.0725641
0.0672923
0.0625576
0.0582908
0.0544328
0.0509336
0.0477505
0.0448471
0.0421921
0.0397587
0.037524
0.035468
0.0335736
0.0318261
0.0302135
0.0287354
0.0274866
0.0925117
0.0850967
0.0785228
0.0726694
0.0674346
0.0627322
0.05849
0.0546477
0.051155
0.0479696
0.0450561
0.0423845
0.0399292
0.0376684
0.0355833
0.0336575
0.031877
0.0302303
0.0287166
0.0274299
0.0926159
0.085388
0.0790147
0.073337
0.0682359
0.06362
0.0594193
0.0555795
0.0520579
0.0488201
0.0458376
0.0430863
0.0405453
0.0381965
0.0360237
0.0340124
0.0321496
0.0304244
0.0288349
0.0274722
0.0937203
0.0877125
0.0822185
0.0770636
0.0721864
0.0675692
0.0632115
0.0591163
0.0552848
0.0517138
0.0483961
0.0453211
0.0424764
0.0398479
0.0374214
0.0351823
0.0331166
0.0312112
0.0294603
0.0279445
0.10729
0.107311
0.103264
0.0974597
0.0910493
0.0845277
0.0781852
0.0721889
0.0666217
0.0615115
0.0568539
0.0526268
0.0487993
0.0453372
0.0422058
0.0393718
0.0368046
0.034476
0.0323644
0.0305201
0.421471
0.342445
0.284775
0.241181
0.207346
0.18048
0.158758
0.140932
0.12612
0.11368
0.103133
0.0941137
0.0863426
0.0795997
0.0737113
0.0685384
0.0639691
0.0599117
0.0562951
0.0531054
0.421471
0.342445
0.284775
0.241181
0.207346
0.18048
0.158758
0.140932
0.12612
0.11368
0.103133
0.0941137
0.0863426
0.0795997
0.0737113
0.0685384
0.0639691
0.0599117
0.0562951
0.0531054
0.10729
0.107311
0.103264
0.0974597
0.0910493
0.0845277
0.0781852
0.0721889
0.0666217
0.0615115
0.0568539
0.0526268
0.0487993
0.0453372
0.0422058
0.0393718
0.0368046
0.034476
0.0323644
0.0305201
0.0937203
0.0877125
0.0822185
0.0770636
0.0721864
0.0675692
0.0632115
0.0591163
0.0552848
0.0517138
0.0483961
0.0453211
0.0424764
0.0398479
0.0374214
0.0351823
0.0331166
0.0312112
0.0294603
0.0279445
0.0926159
0.085388
0.0790147
0.073337
0.0682359
0.06362
0.0594193
0.0555795
0.0520579
0.0488201
0.0458376
0.0430863
0.0405453
0.0381965
0.0360237
0.0340124
0.0321496
0.0304244
0.0288349
0.0274722
0.0925117
0.0850967
0.0785228
0.0726694
0.0674346
0.0627322
0.05849
0.0546477
0.051155
0.0479696
0.0450561
0.0423845
0.0399292
0.0376684
0.0355833
0.0336575
0.031877
0.0302303
0.0287166
0.0274299
0.0925013
0.0850622
0.078455
0.0725641
0.0672923
0.0625576
0.0582908
0.0544328
0.0509336
0.0477505
0.0448471
0.0421921
0.0397587
0.037524
0.035468
0.0335736
0.0318261
0.0302135
0.0287354
0.0274866
0.0925002
0.0850584
0.0784469
0.0725499
0.067271
0.062529
0.0582555
0.0543922
0.0508896
0.0477054
0.0448033
0.0421519
0.0397246
0.0374981
0.0354523
0.0335699
0.0318361
0.0302389
0.028778
0.0275484
0.0925001
0.0850581
0.0784463
0.0725488
0.0672691
0.0625261
0.0582514
0.0543871
0.0508839
0.0476996
0.044798
0.042148
0.0397229
0.0374995
0.0354578
0.0335806
0.031853
0.0302631
0.0288107
0.0275909
0.0925001
0.0850582
0.0784465
0.0725491
0.0672694
0.0625264
0.0582518
0.0543875
0.0508843
0.0477002
0.044799
0.0421496
0.0397255
0.0375035
0.0354636
0.0335887
0.0318639
0.0302774
0.0288293
0.0276143
0.0925001
0.0850582
0.0784466
0.0725493
0.0672697
0.0625268
0.0582522
0.054388
0.0508849
0.0477009
0.0447998
0.0421508
0.039727
0.0375055
0.0354663
0.0335923
0.0318686
0.0302836
0.0288371
0.0276241
0.0925001
0.0850582
0.0784466
0.0725493
0.0672697
0.0625268
0.0582522
0.054388
0.0508849
0.0477009
0.0447998
0.0421508
0.039727
0.0375055
0.0354663
0.0335923
0.0318686
0.0302836
0.0288371
0.0276241
0.0925001
0.0850582
0.0784465
0.0725491
0.0672694
0.0625264
0.0582518
0.0543875
0.0508843
0.0477002
0.044799
0.0421496
0.0397255
0.0375035
0.0354636
0.0335887
0.0318639
0.0302774
0.0288293
0.0276143
0.0925001
0.0850581
0.0784463
0.0725488
0.0672691
0.0625261
0.0582514
0.0543871
0.0508839
0.0476996
0.044798
0.042148
0.0397229
0.0374995
0.0354578
0.0335806
0.031853
0.0302631
0.0288107
0.0275909
0.0925002
0.0850584
0.0784469
0.0725499
0.067271
0.062529
0.0582555
0.0543922
0.0508896
0.0477054
0.0448033
0.0421519
0.0397246
0.0374981
0.0354523
0.0335699
0.0318361
0.0302389
0.028778
0.0275484
0.0925013
0.0850622
0.078455
0.0725641
0.0672923
0.0625576
0.0582908
0.0544328
0.0509336
0.0477505
0.0448471
0.0421921
0.0397587
0.037524
0.035468
0.0335736
0.0318261
0.0302135
0.0287354
0.0274866
0.0925117
0.0850967
0.0785228
0.0726694
0.0674346
0.0627322
0.05849
0.0546477
0.051155
0.0479696
0.0450561
0.0423845
0.0399292
0.0376684
0.0355833
0.0336575
0.031877
0.0302303
0.0287166
0.0274299
0.0926159
0.085388
0.0790147
0.073337
0.0682359
0.06362
0.0594193
0.0555795
0.0520579
0.0488201
0.0458376
0.0430863
0.0405453
0.0381965
0.0360237
0.0340124
0.0321496
0.0304244
0.0288349
0.0274722
0.0937203
0.0877125
0.0822185
0.0770636
0.0721864
0.0675692
0.0632115
0.0591163
0.0552848
0.0517138
0.0483961
0.0453211
0.0424764
0.0398479
0.0374214
0.0351823
0.0331166
0.0312112
0.0294603
0.0279445
0.10729
0.107311
0.103264
0.0974597
0.0910493
0.0845277
0.0781852
0.0721889
0.0666217
0.0615115
0.0568539
0.0526268
0.0487993
0.0453372
0.0422058
0.0393718
0.0368046
0.034476
0.0323644
0.0305201
0.421471
0.342445
0.284775
0.241181
0.207346
0.18048
0.158758
0.140932
0.12612
0.11368
0.103133
0.0941137
0.0863426
0.0795997
0.0737113
0.0685384
0.0639691
0.0599117
0.0562951
0.0531054
0.421471
0.342445
0.284775
0.241182
0.207348
0.180482
0.15876
0.140935
0.126125
0.113687
0.103141
0.0941246
0.0863567
0.0796177
0.0737339
0.0685666
0.0640039
0.0599544
0.0563469
0.0531673
0.10729
0.107311
0.103264
0.0974602
0.0910501
0.084529
0.0781871
0.0721917
0.0666256
0.0615168
0.0568611
0.0526364
0.0488119
0.0453535
0.0422267
0.0393982
0.0368375
0.0345168
0.0324143
0.0305803
0.0937203
0.0877126
0.0822187
0.0770641
0.0721875
0.0675712
0.0632147
0.0591214
0.0552925
0.051725
0.0484117
0.0453425
0.0425048
0.0398851
0.0374692
0.0352427
0.0331918
0.0313039
0.0295732
0.0280789
0.0926159
0.0853881
0.079015
0.0733377
0.0682374
0.0636227
0.059424
0.0555872
0.0520699
0.048838
0.0458632
0.0431217
0.0405932
0.0382596
0.0361053
0.0341161
0.0322794
0.0305848
0.0290305
0.0277043
0.0925117
0.0850968
0.0785231
0.0726702
0.0674363
0.0627354
0.0584957
0.0546573
0.0511701
0.0479925
0.0450893
0.042431
0.0399928
0.0377531
0.0356939
0.0337993
0.0320559
0.0304529
0.0289892
0.027754
0.0925013
0.0850623
0.0784553
0.0725649
0.067294
0.0625611
0.058297
0.0544433
0.0509504
0.0477762
0.0448847
0.0422455
0.0398324
0.0376231
0.0355986
0.0337424
0.0320406
0.0304822
0.0290666
0.0278818
0.0925002
0.0850585
0.0784472
0.0725507
0.0672728
0.0625326
0.0582619
0.0544031
0.0509072
0.0477324
0.0448432
0.042209
0.0398038
0.0376054
0.0355945
0.033755
0.0320729
0.0305374
0.0291479
0.0279915
0.0925001
0.0850582
0.0784466
0.0725496
0.0672709
0.0625296
0.0582579
0.0543982
0.0509018
0.0477272
0.0448389
0.0422067
0.0398048
0.0376109
0.0356063
0.0337746
0.0321023
0.0305788
0.0292037
0.0280631
0.0925001
0.0850583
0.0784468
0.0725499
0.0672713
0.0625301
0.0582583
0.0543987
0.0509024
0.0477281
0.0448404
0.0422091
0.0398086
0.0376169
0.035615
0.0337871
0.0321196
0.0306021
0.0292345
0.0281023
0.0925001
0.0850583
0.0784469
0.0725501
0.0672716
0.0625304
0.0582588
0.0543992
0.050903
0.0477289
0.0448414
0.0422106
0.0398106
0.0376197
0.0356189
0.0337924
0.0321269
0.030612
0.0292476
0.0281189
0.0925001
0.0850583
0.0784469
0.0725501
0.0672716
0.0625304
0.0582588
0.0543992
0.050903
0.0477289
0.0448414
0.0422106
0.0398106
0.0376197
0.0356189
0.0337924
0.0321269
0.030612
0.0292476
0.0281189
0.0925001
0.0850583
0.0784468
0.0725499
0.0672713
0.0625301
0.0582583
0.0543987
0.0509024
0.0477281
0.0448404
0.0422091
0.0398086
0.0376169
0.035615
0.0337871
0.0321196
0.0306021
0.0292345
0.0281023
0.0925001
0.0850582
0.0784466
0.0725496
0.0672709
0.0625296
0.0582579
0.0543982
0.0509018
0.0477272
0.0448389
0.0422067
0.0398048
0.0376109
0.0356063
0.0337746
0.0321023
0.0305788
0.0292037
0.0280631
0.0925002
0.0850585
0.0784472
0.0725507
0.0672728
0.0625326
0.0582619
0.0544031
0.0509072
0.0477324
0.0448432
0.042209
0.0398038
0.0376054
0.0355945
0.033755
0.0320729
0.0305374
0.0291479
0.0279915
0.0925013
0.0850623
0.0784553
0.0725649
0.067294
0.0625611
0.058297
0.0544433
0.0509504
0.0477762
0.0448847
0.0422455
0.0398324
0.0376231
0.0355986
0.0337424
0.0320406
0.0304822
0.0290666
0.0278818
0.0925117
0.0850968
0.0785231
0.0726702
0.0674363
0.0627354
0.0584957
0.0546573
0.0511701
0.0479925
0.0450893
0.042431
0.0399928
0.0377531
0.0356939
0.0337993
0.0320559
0.0304529
0.0289892
0.027754
0.0926159
0.0853881
0.079015
0.0733377
0.0682374
0.0636227
0.059424
0.0555872
0.0520699
0.048838
0.0458632
0.0431217
0.0405932
0.0382596
0.0361053
0.0341161
0.0322794
0.0305848
0.0290305
0.0277043
0.0937203
0.0877126
0.0822187
0.0770641
0.0721875
0.0675712
0.0632147
0.0591214
0.0552925
0.051725
0.0484117
0.0453425
0.0425048
0.0398851
0.0374692
0.0352427
0.0331918
0.0313039
0.0295732
0.0280789
0.10729
0.107311
0.103264
0.0974602
0.0910501
0.084529
0.0781871
0.0721917
0.0666256
0.0615168
0.0568611
0.0526364
0.0488119
0.0453535
0.0422267
0.0393982
0.0368375
0.0345168
0.0324143
0.0305803
0.421471
0.342445
0.284775
0.241182
0.207348
0.180482
0.15876
0.140935
0.126125
0.113687
0.103141
0.0941246
0.0863567
0.0796177
0.0737339
0.0685666
0.0640039
0.0599544
0.0563469
0.0531673
0.421471
0.342445
0.284777
0.241185
0.207352
0.180488
0.158769
0.140948
0.126143
0.11371
0.103173
0.0941667
0.0864111
0.079687
0.073821
0.0686746
0.0641364
0.0601153
0.0565404
0.0533969
0.10729
0.107311
0.103265
0.0974619
0.0910534
0.0845344
0.0781954
0.072204
0.0666433
0.0615416
0.0568949
0.0526813
0.0488707
0.045429
0.0423221
0.0395173
0.0369845
0.0346964
0.0326317
0.0308393
0.0937204
0.087713
0.0822199
0.0770671
0.0721934
0.0675818
0.0632323
0.0591488
0.055333
0.0517825
0.0484908
0.0454483
0.0426431
0.0400623
0.0376923
0.0355198
0.0335317
0.0317162
0.0300678
0.0286597
0.092616
0.0853886
0.0790166
0.0733417
0.0682457
0.0636382
0.0594504
0.0556293
0.0521335
0.0489298
0.0459912
0.0432947
0.0408212
0.0385537
0.0364776
0.03458
0.0328497
0.0312772
0.0298607
0.0286747
0.0925118
0.0850974
0.0785249
0.0726748
0.0674459
0.0627537
0.0585275
0.0547088
0.0512491
0.0481082
0.0452527
0.0426546
0.0402905
0.0381407
0.0361887
0.0344204
0.0328242
0.0313907
0.0301182
0.029075
0.0925014
0.0850629
0.0784573
0.0725697
0.0673043
0.0625806
0.0583313
0.0544995
0.0510375
0.0479052
0.0450687
0.0424995
0.0401738
0.0380714
0.0361754
0.034472
0.0329495
0.0315989
0.0304183
0.0294687
0.0925003
0.0850591
0.0784491
0.0725556
0.0672832
0.0625526
0.0582973
0.0544614
0.050998
0.0478678
0.0450374
0.0424789
0.0401689
0.0380878
0.0362194
0.0345503
0.0330696
0.031769
0.0306466
0.0297575
0.0925002
0.0850588
0.0784486
0.0725546
0.0672814
0.0625499
0.0582937
0.0544573
0.0509942
0.0478653
0.0450378
0.0424842
0.0401816
0.0381109
0.0362566
0.0346059
0.0331488
0.0318776
0.0307906
0.029939
0.0925002
0.0850589
0.0784488
0.0725549
0.0672818
0.0625504
0.0582943
0.0544581
0.0509954
0.0478673
0.0450412
0.0424899
0.0401908
0.0381251
0.0362777
0.0346365
0.0331918
0.0319365
0.0308693
0.0300389
0.0925002
0.0850589
0.0784489
0.0725551
0.0672822
0.0625508
0.0582948
0.0544587
0.0509963
0.0478685
0.045043
0.0424926
0.0401948
0.0381311
0.0362866
0.0346493
0.0332098
0.0319615
0.0309031
0.0300821
0.0925002
0.0850589
0.0784489
0.0725551
0.0672822
0.0625508
0.0582948
0.0544587
0.0509963
0.0478685
0.045043
0.0424926
0.0401948
0.0381311
0.0362866
0.0346493
0.0332098
0.0319615
0.0309031
0.0300821
0.0925002
0.0850589
0.0784488
0.0725549
0.0672818
0.0625504
0.0582943
0.0544581
0.0509954
0.0478673
0.0450412
0.0424899
0.0401908
0.0381251
0.0362777
0.0346365
0.0331918
0.0319365
0.0308693
0.0300389
0.0925002
0.0850588
0.0784486
0.0725546
0.0672814
0.0625499
0.0582937
0.0544573
0.0509942
0.0478653
0.0450378
0.0424842
0.0401816
0.0381109
0.0362566
0.0346059
0.0331488
0.0318776
0.0307906
0.029939
0.0925003
0.0850591
0.0784491
0.0725556
0.0672832
0.0625526
0.0582973
0.0544614
0.050998
0.0478678
0.0450374
0.0424789
0.0401689
0.0380878
0.0362194
0.0345503
0.0330696
0.031769
0.0306466
0.0297575
0.0925014
0.0850629
0.0784573
0.0725697
0.0673043
0.0625806
0.0583313
0.0544995
0.0510375
0.0479052
0.0450687
0.0424995
0.0401738
0.0380714
0.0361754
0.034472
0.0329495
0.0315989
0.0304183
0.0294687
0.0925118
0.0850974
0.0785249
0.0726748
0.0674459
0.0627537
0.0585275
0.0547088
0.0512491
0.0481082
0.0452527
0.0426546
0.0402905
0.0381407
0.0361887
0.0344204
0.0328242
0.0313907
0.0301182
0.0290749
0.092616
0.0853886
0.0790166
0.0733417
0.0682457
0.0636382
0.0594504
0.0556293
0.0521335
0.0489298
0.0459912
0.0432947
0.0408212
0.0385537
0.0364776
0.03458
0.0328497
0.0312772
0.0298607
0.0286747
0.0937204
0.087713
0.0822199
0.0770671
0.0721934
0.0675818
0.0632323
0.0591488
0.055333
0.0517825
0.0484908
0.0454483
0.0426431
0.0400623
0.0376923
0.0355198
0.0335317
0.0317162
0.0300678
0.0286597
0.10729
0.107311
0.103265
0.0974619
0.0910534
0.0845344
0.0781954
0.072204
0.0666434
0.0615416
0.0568949
0.0526813
0.0488707
0.045429
0.0423221
0.0395173
0.0369845
0.0346964
0.0326317
0.0308393
0.421471
0.342445
0.284777
0.241185
0.207352
0.180488
0.158769
0.140948
0.126143
0.11371
0.103173
0.0941667
0.0864111
0.079687
0.073821
0.0686746
0.0641364
0.0601153
0.0565404
0.0533969
0.421471
0.342446
0.28478
0.241192
0.207364
0.180509
0.158802
0.140996
0.126211
0.113804
0.103298
0.0943298
0.0866196
0.0799491
0.0741459
0.0690724
0.0646183
0.0606937
0.0572287
0.0542057
0.107291
0.107313
0.103269
0.0974707
0.0910698
0.0845618
0.0782383
0.0722676
0.0667338
0.0616661
0.0570613
0.0528988
0.0491494
0.0457803
0.0427588
0.0400537
0.0376365
0.0354817
0.0335694
0.0319415
0.0937209
0.0877157
0.0822279
0.0770855
0.0722291
0.0676437
0.0633314
0.0592978
0.0555465
0.0520767
0.0488837
0.0459595
0.0432942
0.0408767
0.0386957
0.03674
0.0349992
0.0334637
0.032128
0.0310389
0.0926166
0.0853921
0.0790272
0.0733668
0.0682958
0.0637275
0.0595967
0.0558536
0.0524598
0.0493853
0.0466054
0.0441002
0.0418529
0.0398494
0.0380781
0.0365293
0.0351949
0.0340685
0.0331451
0.0324488
0.0925125
0.0851012
0.0785367
0.072703
0.0675033
0.0628577
0.0587006
0.0549782
0.0516466
0.04867
0.0460191
0.0436697
0.0416025
0.0398016
0.0382547
0.0369521
0.0358866
0.0350522
0.0344414
0.034048
0.0925021
0.0850668
0.0784695
0.0725992
0.0673647
0.0626911
0.0585168
0.0547909
0.0514716
0.0485243
0.0459208
0.0436381
0.0416575
0.0399644
0.0385477
0.0373992
0.0365134
0.0358854
0.0355055
0.0353397
0.0925011
0.0850631
0.0784615
0.0725855
0.0673448
0.0626656
0.0584878
0.0547622
0.0514486
0.0485142
0.0459323
0.0436818
0.0417459
0.0401122
0.0387714
0.037718
0.0369485
0.0364599
0.0362413
0.0362375
0.092501
0.0850629
0.0784611
0.0725846
0.0673434
0.0626638
0.0584862
0.054762
0.0514518
0.0485237
0.0459525
0.0437181
0.0418055
0.0402038
0.038906
0.0379084
0.0372099
0.0368095
0.0366958
0.0367991
0.092501
0.0850629
0.0784612
0.072585
0.0673439
0.0626646
0.0584875
0.0547642
0.0514557
0.0485307
0.0459645
0.0437378
0.0418365
0.0402511
0.0389757
0.0380082
0.0373491
0.0369991
0.0369467
0.0371135
0.092501
0.0850629
0.0784613
0.0725852
0.0673442
0.0626651
0.0584882
0.0547653
0.0514575
0.0485337
0.0459694
0.0437457
0.0418491
0.0402703
0.0390043
0.0380498
0.0374081
0.0370806
0.0370561
0.0372521
0.092501
0.0850629
0.0784613
0.0725852
0.0673442
0.0626651
0.0584882
0.0547653
0.0514575
0.0485337
0.0459694
0.0437457
0.0418491
0.0402703
0.0390043
0.0380498
0.0374081
0.0370806
0.0370561
0.0372521
0.092501
0.0850629
0.0784612
0.072585
0.0673439
0.0626646
0.0584875
0.0547642
0.0514557
0.0485307
0.0459645
0.0437378
0.0418365
0.0402511
0.0389757
0.0380082
0.0373491
0.0369991
0.0369467
0.0371135
0.092501
0.0850629
0.0784611
0.0725846
0.0673434
0.0626638
0.0584862
0.054762
0.0514518
0.0485237
0.0459525
0.0437181
0.0418055
0.0402038
0.038906
0.0379084
0.0372099
0.0368095
0.0366958
0.036799
0.0925011
0.0850631
0.0784615
0.0725855
0.0673448
0.0626656
0.0584878
0.0547622
0.0514486
0.0485142
0.0459323
0.0436818
0.0417459
0.0401122
0.0387714
0.037718
0.0369485
0.0364599
0.0362413
0.0362374
0.0925021
0.0850668
0.0784695
0.0725992
0.0673647
0.0626911
0.0585168
0.0547909
0.0514716
0.0485243
0.0459208
0.0436381
0.0416575
0.0399644
0.0385477
0.0373992
0.0365134
0.0358854
0.0355054
0.0353396
0.0925125
0.0851012
0.0785367
0.072703
0.0675033
0.0628577
0.0587006
0.0549782
0.0516466
0.04867
0.0460191
0.0436697
0.0416025
0.0398016
0.0382547
0.0369521
0.0358866
0.0350522
0.0344414
0.0340479
0.0926166
0.0853921
0.0790272
0.0733668
0.0682958
0.0637275
0.0595967
0.0558536
0.0524598
0.0493853
0.0466054
0.0441002
0.0418529
0.0398494
0.0380781
0.0365293
0.0351949
0.0340685
0.0331451
0.0324487
0.0937209
0.0877157
0.0822279
0.0770855
0.0722291
0.0676437
0.0633314
0.0592978
0.0555465
0.0520767
0.0488837
0.0459595
0.0432942
0.0408767
0.0386957
0.03674
0.0349992
0.0334637
0.032128
0.0310389
0.107291
0.107313
0.103269
0.0974707
0.0910698
0.0845618
0.0782383
0.0722676
0.0667338
0.0616661
0.0570613
0.0528988
0.0491494
0.0457803
0.0427588
0.0400537
0.0376365
0.0354817
0.0335694
0.0319414
0.421471
0.342446
0.28478
0.241192
0.207364
0.180509
0.158802
0.140996
0.126211
0.113804
0.103298
0.0943298
0.0866196
0.0799491
0.0741459
0.0690724
0.0646183
0.0606937
0.0572287
0.0542057
0.421472
0.342452
0.284795
0.241225
0.207425
0.180608
0.158952
0.141213
0.126511
0.114206
0.103822
0.0949975
0.087456
0.0809814
0.0754043
0.0705903
0.0664328
0.0628457
0.0597623
0.0571535
0.107293
0.107323
0.103297
0.0975289
0.0911738
0.0847305
0.0784934
0.0726339
0.0672387
0.06234
0.057938
0.0540156
0.0505472
0.0475046
0.0448597
0.0425863
0.0406614
0.0390645
0.037777
0.0368017
0.0937251
0.087736
0.0822848
0.0772082
0.0724551
0.0680176
0.0639034
0.0601231
0.0566842
0.05359
0.0508394
0.048429
0.0463534
0.0446068
0.0431839
0.0420797
0.04129
0.0408098
0.0406256
0.0406763
0.0926217
0.0854175
0.0791005
0.0735293
0.0686032
0.0642475
0.0604073
0.0570409
0.0541167
0.0516101
0.049502
0.047778
0.0464274
0.0454431
0.0448212
0.0445599
0.0446588
0.0451145
0.0459022
0.0468606
0.0925179
0.0851287
0.0786168
0.0728832
0.0678492
0.0634515
0.0596392
0.0563711
0.0536137
0.0513402
0.04953
0.0481675
0.0472424
0.046749
0.0466854
0.0470527
0.0478527
0.0490816
0.0506987
0.0524376
0.0925077
0.085095
0.078552
0.072786
0.0677258
0.063316
0.0595128
0.0562816
0.0535948
0.051431
0.0497742
0.0486142
0.0479455
0.0477676
0.048084
0.0489008
0.050224
0.0520503
0.0543248
0.0566888
0.0925067
0.0850915
0.0785448
0.0727746
0.0677114
0.0633023
0.0595072
0.0562951
0.0536429
0.0515342
0.0499583
0.0489105
0.0483915
0.0484073
0.0489677
0.0500854
0.0517716
0.0540253
0.0567813
0.059609
0.0925066
0.0850913
0.0785445
0.0727744
0.0677119
0.0633049
0.0595145
0.056312
0.0536766
0.0515948
0.05006
0.0490717
0.0486355
0.0487628
0.0494693
0.0507736
0.0526923
0.0552275
0.0583076
0.0614517
0.0925066
0.0850914
0.0785448
0.072775
0.067713
0.0633072
0.0595191
0.0563209
0.053693
0.0516237
0.0501083
0.0491491
0.048755
0.048941
0.049727
0.0511358
0.0531884
0.0558895
0.0591643
0.0625007
0.0925066
0.0850914
0.0785449
0.0727753
0.0677136
0.0633082
0.059521
0.0563243
0.0536992
0.0516346
0.0501269
0.0491795
0.0488028
0.0490135
0.0498339
0.051289
0.0534018
0.0561788
0.0595438
0.0629701
0.0925066
0.0850914
0.0785449
0.0727753
0.0677136
0.0633082
0.059521
0.0563243
0.0536992
0.0516346
0.0501269
0.0491795
0.0488028
0.0490135
0.0498339
0.051289
0.0534018
0.0561788
0.0595438
0.06297
0.0925066
0.0850914
0.0785448
0.072775
0.067713
0.0633072
0.0595191
0.0563209
0.053693
0.0516237
0.0501083
0.0491491
0.048755
0.048941
0.049727
0.0511358
0.0531884
0.0558895
0.0591642
0.0625005
0.0925066
0.0850913
0.0785445
0.0727744
0.0677119
0.0633049
0.0595145
0.056312
0.0536766
0.0515948
0.05006
0.0490717
0.0486355
0.0487628
0.0494693
0.0507736
0.0526923
0.0552274
0.0583075
0.0614514
0.0925067
0.0850915
0.0785448
0.0727746
0.0677114
0.0633023
0.0595072
0.0562951
0.0536429
0.0515342
0.0499583
0.0489105
0.0483915
0.0484073
0.0489677
0.0500854
0.0517716
0.0540252
0.0567811
0.0596086
0.0925077
0.085095
0.078552
0.072786
0.0677258
0.063316
0.0595128
0.0562816
0.0535948
0.051431
0.0497742
0.0486142
0.0479455
0.0477676
0.048084
0.0489008
0.050224
0.0520503
0.0543246
0.0566884
0.0925179
0.0851287
0.0786168
0.0728832
0.0678492
0.0634515
0.0596392
0.0563711
0.0536137
0.0513402
0.04953
0.0481675
0.0472424
0.046749
0.0466854
0.0470527
0.0478527
0.0490816
0.0506985
0.0524373
0.0926217
0.0854175
0.0791005
0.0735293
0.0686032
0.0642475
0.0604073
0.0570409
0.0541167
0.0516101
0.049502
0.047778
0.0464274
0.0454431
0.0448212
0.0445599
0.0446588
0.0451145
0.0459021
0.0468604
0.0937251
0.087736
0.0822848
0.0772082
0.0724551
0.0680176
0.0639034
0.0601231
0.0566842
0.05359
0.0508394
0.048429
0.0463534
0.0446068
0.0431839
0.0420797
0.04129
0.0408098
0.0406255
0.0406762
0.107293
0.107323
0.103297
0.0975289
0.0911738
0.0847305
0.0784934
0.0726339
0.0672387
0.06234
0.057938
0.0540156
0.0505472
0.0475046
0.0448597
0.0425863
0.0406614
0.0390645
0.037777
0.0368016
0.421472
0.342452
0.284795
0.241225
0.207425
0.180608
0.158952
0.141213
0.126511
0.114206
0.103822
0.0949975
0.087456
0.0809814
0.0754043
0.0705903
0.0664328
0.0628457
0.0597623
0.0571534
0.421479
0.342488
0.28489
0.241414
0.207751
0.18112
0.159701
0.142255
0.127905
0.116017
0.106122
0.0978653
0.0909783
0.085255
0.080537
0.0767019
0.0736557
0.0713249
0.0696496
0.0685467
0.107313
0.10741
0.103513
0.0979525
0.0918944
0.085846
0.0801092
0.0748628
0.0702014
0.0661655
0.0627645
0.0599917
0.0578323
0.0562686
0.0552825
0.0548564
0.054972
0.0556078
0.0567195
0.0581118
0.0937599
0.0878947
0.0826981
0.0780429
0.0739021
0.0702822
0.067199
0.0646679
0.0627008
0.061306
0.0604896
0.0602561
0.0606091
0.061551
0.063082
0.0651987
0.0678917
0.0711358
0.0748434
0.0785463
0.0926631
0.0856098
0.0796133
0.0745897
0.0704803
0.0672381
0.0648243
0.0632076
0.0623637
0.0622762
0.062935
0.0643353
0.0664747
0.0693513
0.0729607
0.0772922
0.0823242
0.0880068
0.0941805
0.100058
0.0925615
0.0853329
0.0791677
0.0740369
0.0699181
0.0667896
0.0646298
0.0634189
0.0631418
0.0637893
0.065358
0.067848
0.0712607
0.0755944
0.0808412
0.0869822
0.0939798
0.101753
0.110064
0.117816
0.0925519
0.0853029
0.0791156
0.073973
0.0698685
0.0667981
0.0647584
0.0637479
0.0637694
0.0648313
0.0669465
0.0701301
0.0743954
0.0797493
0.0861869
0.0936866
0.102199
0.111617
0.12163
0.130877
0.092551
0.0853005
0.0791124
0.0739728
0.0698806
0.06684
0.0648577
0.0639447
0.0641181
0.0654018
0.0678253
0.0714201
0.0762146
0.0822282
0.0894647
0.0979051
0.107495
0.11811
0.12938
0.139738
0.092551
0.0853007
0.0791134
0.0739763
0.0698904
0.0668631
0.0649065
0.0640384
0.0642848
0.0656803
0.0682666
0.0720886
0.077188
0.0835964
0.0913277
0.100369
0.110666
0.122082
0.134209
0.145332
0.092551
0.0853008
0.079114
0.073978
0.0698947
0.0668729
0.0649269
0.0640782
0.0643573
0.0658051
0.0684709
0.0724079
0.0776674
0.0842903
0.0922984
0.101685
0.112398
0.124295
0.136944
0.148537
0.092551
0.0853009
0.0791142
0.0739787
0.0698962
0.0668762
0.0649341
0.0640924
0.0643838
0.065852
0.0685495
0.072534
0.0778611
0.0845766
0.092707
0.102249
0.113152
0.125272
0.138167
0.149981
0.092551
0.0853009
0.0791142
0.0739787
0.0698962
0.0668762
0.0649341
0.0640924
0.0643838
0.065852
0.0685495
0.072534
0.0778611
0.0845766
0.092707
0.102249
0.113152
0.125272
0.138166
0.149981
0.092551
0.0853008
0.079114
0.073978
0.0698947
0.0668729
0.0649269
0.0640782
0.0643573
0.0658051
0.0684709
0.0724079
0.0776674
0.0842903
0.0922984
0.101685
0.112398
0.124295
0.136944
0.148536
0.092551
0.0853007
0.0791134
0.0739763
0.0698904
0.0668631
0.0649065
0.0640384
0.0642848
0.0656803
0.0682666
0.0720886
0.077188
0.0835964
0.0913277
0.100369
0.110666
0.122082
0.134209
0.145331
0.092551
0.0853005
0.0791124
0.0739728
0.0698806
0.06684
0.0648577
0.0639447
0.0641181
0.0654018
0.0678253
0.0714201
0.0762146
0.0822282
0.0894647
0.097905
0.107495
0.118109
0.129379
0.139736
0.0925519
0.0853029
0.0791156
0.073973
0.0698685
0.0667981
0.0647584
0.0637479
0.0637694
0.0648313
0.0669465
0.0701301
0.0743954
0.0797492
0.0861869
0.0936865
0.102199
0.111617
0.12163
0.130876
0.0925615
0.0853329
0.0791677
0.0740369
0.0699181
0.0667896
0.0646298
0.0634189
0.0631418
0.0637893
0.065358
0.067848
0.0712607
0.0755944
0.0808412
0.0869822
0.0939796
0.101753
0.110064
0.117815
0.0926631
0.0856098
0.0796133
0.0745897
0.0704803
0.0672381
0.0648243
0.0632076
0.0623637
0.0622762
0.062935
0.0643353
0.0664747
0.0693513
0.0729606
0.0772922
0.0823241
0.0880064
0.0941798
0.100056
0.0937599
0.0878947
0.0826981
0.0780429
0.0739021
0.0702822
0.067199
0.0646679
0.0627008
0.061306
0.0604896
0.0602561
0.0606091
0.061551
0.0630819
0.0651987
0.0678916
0.0711356
0.074843
0.0785454
0.107313
0.10741
0.103513
0.0979525
0.0918944
0.085846
0.0801092
0.0748628
0.0702014
0.0661655
0.0627645
0.0599917
0.0578323
0.0562686
0.0552825
0.0548563
0.054972
0.0556077
0.0567193
0.0581114
0.421479
0.342488
0.28489
0.241414
0.207751
0.18112
0.159701
0.142255
0.127905
0.116017
0.106122
0.0978653
0.0909783
0.085255
0.080537
0.0767019
0.0736557
0.0713248
0.0696495
0.0685464
0.421535
0.342749
0.285511
0.242569
0.209629
0.183915
0.163617
0.147508
0.134729
0.124668
0.116883
0.111048
0.106928
0.104346
0.103173
0.103311
0.104681
0.107211
0.110798
0.115064
0.107504
0.108171
0.105281
0.101204
0.0971092
0.0935019
0.0906812
0.0888252
0.0880286
0.0883302
0.0897332
0.092216
0.0957394
0.10025
0.105681
0.111959
0.118994
0.126678
0.134797
0.14249
0.0940691
0.0891703
0.0857395
0.0837273
0.083118
0.0838984
0.086052
0.0895564
0.0943808
0.100484
0.107813
0.116301
0.125868
0.13642
0.147852
0.160046
0.172869
0.186147
0.199506
0.211417
0.0930157
0.0870916
0.0832179
0.0814557
0.0818066
0.0842358
0.0886881
0.0950935
0.103367
0.113406
0.125089
0.138275
0.152804
0.168502
0.185186
0.202666
0.220739
0.239143
0.257316
0.273063
0.092927
0.0868817
0.0829738
0.081367
0.0821491
0.0853581
0.0909967
0.0990351
0.109409
0.122013
0.136702
0.153288
0.171551
0.191244
0.212109
0.233884
0.256292
0.278978
0.301194
0.320144
0.092921
0.0868716
0.0829868
0.0814671
0.0824487
0.086025
0.0922565
0.101167
0.112736
0.126889
0.143486
0.16233
0.183167
0.205707
0.229639
0.25464
0.280369
0.306389
0.331783
0.353255
0.0929211
0.0868751
0.0830039
0.0815224
0.0825888
0.0863272
0.0928353
0.102179
0.114377
0.129391
0.147106
0.167333
0.189813
0.214236
0.240259
0.26752
0.295633
0.324089
0.351838
0.375191
0.0929213
0.0868768
0.0830112
0.0815444
0.0826444
0.0864503
0.0930805
0.102626
0.115136
0.130598
0.148922
0.169937
0.19339
0.218969
0.246315
0.275048
0.304749
0.334861
0.364235
0.388897
0.0929214
0.0868775
0.0830137
0.0815521
0.0826647
0.0864973
0.0931783
0.102812
0.115465
0.131142
0.149772
0.171198
0.195176
0.221397
0.249502
0.279098
0.309751
0.340874
0.371252
0.396732
0.0929214
0.0868776
0.0830144
0.0815545
0.0826712
0.0865129
0.093212
0.102879
0.115586
0.131349
0.150104
0.171702
0.195906
0.22241
0.250855
0.280846
0.311941
0.343539
0.374394
0.400264
0.0929214
0.0868776
0.0830144
0.0815545
0.0826712
0.0865129
0.093212
0.102879
0.115586
0.131349
0.150104
0.171702
0.195906
0.22241
0.250855
0.280846
0.311941
0.343539
0.374394
0.400263
0.0929214
0.0868775
0.0830137
0.0815521
0.0826647
0.0864973
0.0931783
0.102812
0.115465
0.131142
0.149772
0.171198
0.195176
0.221397
0.249502
0.279098
0.30975
0.340873
0.371251
0.39673
0.0929213
0.0868768
0.0830112
0.0815444
0.0826444
0.0864503
0.0930805
0.102626
0.115136
0.130598
0.148922
0.169937
0.19339
0.218969
0.246315
0.275048
0.304748
0.33486
0.364233
0.388894
0.0929211
0.0868751
0.0830039
0.0815224
0.0825888
0.0863272
0.0928353
0.102179
0.114377
0.129391
0.147106
0.167333
0.189813
0.214236
0.240259
0.26752
0.295632
0.324087
0.351835
0.375186
0.092921
0.0868716
0.0829868
0.0814671
0.0824487
0.086025
0.0922565
0.101167
0.112736
0.126889
0.143486
0.16233
0.183167
0.205707
0.229639
0.254639
0.280369
0.306387
0.33178
0.353251
0.092927
0.0868817
0.0829738
0.081367
0.0821491
0.0853581
0.0909967
0.0990351
0.109409
0.122013
0.136702
0.153288
0.171551
0.191244
0.212109
0.233884
0.256292
0.278976
0.301191
0.32014
0.0930157
0.0870916
0.0832179
0.0814557
0.0818066
0.0842358
0.0886881
0.0950935
0.103367
0.113406
0.125089
0.138275
0.152804
0.168502
0.185186
0.202666
0.220739
0.239141
0.257314
0.273059
0.0940691
0.0891703
0.0857395
0.0837273
0.083118
0.0838984
0.086052
0.0895564
0.0943808
0.100484
0.107813
0.116301
0.125868
0.13642
0.147852
0.160046
0.172869
0.186146
0.199504
0.211414
0.107504
0.108171
0.105281
0.101204
0.0971092
0.0935019
0.0906812
0.0888252
0.0880286
0.0883302
0.0897332
0.092216
0.0957394
0.10025
0.105681
0.111959
0.118994
0.126677
0.134796
0.142488
0.421535
0.342749
0.285511
0.242569
0.209629
0.183915
0.163617
0.147508
0.134729
0.124668
0.116883
0.111048
0.106928
0.104346
0.103173
0.103311
0.104681
0.107211
0.110797
0.115063
0.422
0.344695
0.289759
0.249937
0.220976
0.20012
0.185603
0.176256
0.171273
0.170085
0.172267
0.17747
0.18539
0.19574
0.208239
0.222601
0.238536
0.25572
0.273712
0.291128
0.109525
0.115333
0.120449
0.126995
0.13574
0.146792
0.160065
0.17536
0.192411
0.210923
0.230597
0.251151
0.272328
0.293903
0.315684
0.337509
0.359226
0.380643
0.401291
0.419117
0.0969733
0.0996881
0.108443
0.122919
0.142528
0.166499
0.193979
0.224111
0.256103
0.28926
0.323003
0.356875
0.390529
0.423713
0.456253
0.488027
0.518925
0.548743
0.576788
0.599942
0.0961935
0.0987944
0.10893
0.126618
0.15137
0.182313
0.218313
0.258122
0.300523
0.344428
0.388943
0.433379
0.477242
0.520202
0.562052
0.602664
0.641922
0.679558
0.714602
0.742908
0.0961768
0.0989425
0.109719
0.128817
0.155993
0.190516
0.23126
0.276857
0.325879
0.37699
0.429054
0.481182
0.532726
0.583255
0.632499
0.680289
0.726465
0.770666
0.811639
0.844329
0.0961893
0.0990365
0.110067
0.129742
0.157989
0.194225
0.237416
0.286206
0.339105
0.394662
0.451605
0.508911
0.565817
0.621801
0.676523
0.72976
0.781292
0.830655
0.876335
0.912525
0.0961944
0.0990699
0.11019
0.130085
0.158771
0.195766
0.240125
0.290546
0.345549
0.403658
0.463543
0.524111
0.584528
0.644206
0.702748
0.75988
0.815323
0.868514
0.917727
0.956564
0.096196
0.0990804
0.110231
0.130206
0.159065
0.196382
0.24127
0.292477
0.348554
0.408033
0.469574
0.532058
0.594619
0.656629
0.717657
0.777386
0.835491
0.891334
0.943022
0.983729
0.0961964
0.0990834
0.110244
0.130247
0.159172
0.196619
0.241732
0.293293
0.349877
0.410035
0.472432
0.535946
0.599697
0.663043
0.725531
0.78682
0.846555
0.904044
0.957286
0.999176
0.0961965
0.0990841
0.110248
0.130259
0.159206
0.196698
0.241894
0.293588
0.350372
0.410805
0.47356
0.537516
0.601791
0.665738
0.728893
0.790908
0.851411
0.909683
0.96367
1.00613
0.0961965
0.0990841
0.110248
0.130259
0.159206
0.196698
0.241894
0.293588
0.350372
0.410805
0.47356
0.537516
0.601791
0.665737
0.728893
0.790908
0.85141
0.909682
0.963669
1.00613
0.0961964
0.0990834
0.110244
0.130247
0.159172
0.196619
0.241732
0.293293
0.349877
0.410035
0.472432
0.535946
0.599697
0.663043
0.72553
0.78682
0.846554
0.904042
0.957283
0.999171
0.096196
0.0990804
0.110231
0.130206
0.159065
0.196382
0.24127
0.292477
0.348554
0.408033
0.469574
0.532058
0.594619
0.656629
0.717656
0.777385
0.835489
0.891331
0.943017
0.983721
0.0961944
0.0990699
0.11019
0.130085
0.158771
0.195766
0.240125
0.290546
0.345549
0.403658
0.463543
0.524111
0.584528
0.644205
0.702747
0.759878
0.81532
0.86851
0.91772
0.956553
0.0961893
0.0990365
0.110067
0.129742
0.157989
0.194225
0.237416
0.286206
0.339105
0.394662
0.451605
0.508911
0.565817
0.621801
0.676522
0.729758
0.78129
0.83065
0.876328
0.912513
0.0961768
0.0989425
0.109719
0.128817
0.155993
0.190516
0.23126
0.276857
0.325879
0.37699
0.429054
0.481182
0.532726
0.583255
0.632498
0.680287
0.726462
0.770661
0.811632
0.844317
0.0961935
0.0987944
0.10893
0.126618
0.15137
0.182313
0.218313
0.258122
0.300523
0.344428
0.388943
0.433379
0.477242
0.520202
0.562051
0.602663
0.64192
0.679554
0.714595
0.742897
0.0969733
0.0996881
0.108443
0.122919
0.142528
0.166499
0.193979
0.224111
0.256103
0.28926
0.323003
0.356875
0.390528
0.423713
0.456253
0.488026
0.518923
0.54874
0.576782
0.599933
0.109525
0.115333
0.120449
0.126995
0.13574
0.146792
0.160065
0.17536
0.192411
0.210923
0.230597
0.251151
0.272328
0.293902
0.315683
0.337508
0.359224
0.380641
0.401287
0.419111
0.422
0.344695
0.289759
0.249937
0.220976
0.20012
0.185603
0.176256
0.171273
0.170085
0.172267
0.17747
0.18539
0.19574
0.208239
0.222601
0.238535
0.255718
0.273709
0.291124
0.426224
0.359999
0.320487
0.300362
0.295489
0.302768
0.319876
0.34487
0.376018
0.411757
0.450709
0.491719
0.533866
0.576452
0.618972
0.66107
0.702477
0.74289
0.781649
0.815913
0.13338
0.187236
0.254158
0.329074
0.407123
0.484801
0.559976
0.631495
0.698857
0.761977
0.821017
0.876265
0.928067
0.976778
1.02273
1.06625
1.1075
1.14646
1.18241
1.21158
0.126777
0.191765
0.28336
0.391523
0.506897
0.622347
0.733309
0.837376
0.933665
1.02224
1.10366
1.1787
1.24816
1.31278
1.37321
1.42996
1.48336
1.53339
1.57893
1.6146
0.127638
0.197552
0.299364
0.422816
0.557257
0.69387
0.826573
0.951887
1.06833
1.17574
1.27466
1.36598
1.45064
1.52952
1.60338
1.67282
1.73819
1.79934
1.85467
1.89729
0.128014
0.199632
0.305347
0.435381
0.578987
0.726786
0.871945
1.0103
1.13987
1.26018
1.37162
1.47502
1.57132
1.66142
1.7461
1.82597
1.90134
1.97191
2.0356
2.08421
0.128123
0.200298
0.307448
0.440183
0.587919
0.741202
0.892956
1.03871
1.1762
1.30472
1.4245
1.53626
1.64087
1.73921
1.83202
1.91987
2.00301
2.08098
2.15128
2.20465
0.128155
0.200504
0.308154
0.441928
0.591405
0.747208
0.902237
1.05193
1.19391
1.32733
1.45233
1.56954
1.67977
1.78381
1.88239
1.97601
2.06485
2.1483
2.22355
2.2805
0.128164
0.200568
0.308392
0.44256
0.592752
0.749663
0.906232
1.0579
1.20225
1.33841
1.46646
1.58699
1.70075
1.8085
1.9109
2.00842
2.10118
2.18846
2.26717
2.32666
0.128167
0.200588
0.308472
0.442787
0.59326
0.750635
0.907883
1.06047
1.20598
1.34354
1.47323
1.59559
1.71137
1.82128
1.92598
2.02588
2.12107
2.21074
2.29164
2.35273
0.128168
0.200593
0.308497
0.44286
0.593431
0.750972
0.908475
1.06142
1.20739
1.34554
1.47593
1.59909
1.71577
1.82668
1.93244
2.03347
2.1298
2.22061
2.30257
2.36443
0.128168
0.200593
0.308497
0.44286
0.593431
0.750972
0.908475
1.06142
1.20739
1.34554
1.47593
1.59909
1.71577
1.82668
1.93244
2.03347
2.1298
2.22061
2.30257
2.36443
0.128167
0.200588
0.308472
0.442787
0.59326
0.750635
0.907883
1.06047
1.20598
1.34354
1.47323
1.59559
1.71137
1.82128
1.92598
2.02588
2.12107
2.21073
2.29164
2.35272
0.128164
0.200568
0.308392
0.44256
0.592752
0.749663
0.906232
1.0579
1.20225
1.33841
1.46646
1.58699
1.70075
1.80849
1.91089
2.00842
2.10117
2.18845
2.26716
2.32664
0.128155
0.200504
0.308154
0.441928
0.591405
0.747208
0.902237
1.05193
1.19391
1.32733
1.45233
1.56954
1.67977
1.78381
1.88239
1.976
2.06484
2.14829
2.22353
2.28048
0.128123
0.200298
0.307448
0.440183
0.587919
0.741202
0.892956
1.03871
1.1762
1.30472
1.4245
1.53626
1.64087
1.73921
1.83202
1.91987
2.003
2.08097
2.15126
2.20463
0.128014
0.199632
0.305347
0.435381
0.578987
0.726786
0.871945
1.0103
1.13987
1.26018
1.37162
1.47502
1.57132
1.66141
1.7461
1.82596
1.90133
1.9719
2.03558
2.08419
0.127638
0.197552
0.299364
0.422816
0.557257
0.69387
0.826573
0.951887
1.06833
1.17574
1.27466
1.36598
1.45064
1.52952
1.60338
1.67282
1.73818
1.79933
1.85465
1.89727
0.126777
0.191765
0.28336
0.391523
0.506897
0.622347
0.733309
0.837376
0.933665
1.02224
1.10366
1.1787
1.24816
1.31278
1.37321
1.42995
1.48336
1.53339
1.57891
1.61458
0.13338
0.187236
0.254158
0.329074
0.407123
0.484801
0.559976
0.631495
0.698857
0.761977
0.821017
0.876265
0.928067
0.976777
1.02273
1.06625
1.10749
1.14645
1.1824
1.21157
0.426224
0.359999
0.320487
0.300362
0.295489
0.302768
0.319876
0.34487
0.376018
0.411757
0.450709
0.491719
0.533866
0.576452
0.618971
0.661069
0.702475
0.742886
0.781642
0.8159
0.463724
0.476538
0.532722
0.620316
0.726384
0.841084
0.957473
1.07112
1.17962
1.28197
1.37808
1.46829
1.55317
1.63335
1.70939
1.78177
1.85081
1.91645
1.97763
2.029
0.438373
0.84193
1.21576
1.54258
1.82228
2.06038
2.26332
2.437
2.58655
2.71629
2.82979
2.93003
3.01945
3.10004
3.17342
3.24083
3.30319
3.36083
3.413
3.45295
0.46052
0.929279
1.38754
1.80175
2.16039
2.46496
2.7225
2.94118
3.12853
3.29087
3.4332
3.55943
3.67258
3.77496
3.86842
3.95433
4.03367
4.10666
4.17179
4.22071
0.470468
0.964719
1.45636
1.90709
2.30249
2.64212
2.93206
3.18036
3.39484
3.58224
3.74798
3.89628
4.03038
4.15275
4.26529
4.36939
4.46595
4.55497
4.63409
4.69321
0.473005
0.975321
1.47987
1.94735
2.36189
2.7215
3.03116
3.29841
3.53093
3.73551
3.91771
4.08191
4.23146
4.36891
4.49618
4.61465
4.72512
4.82731
4.9181
4.98577
0.473707
0.978743
1.48835
1.96303
2.38651
2.75627
3.07682
3.35532
3.5992
3.8151
4.00852
4.1838
4.34433
4.49266
4.63072
4.75986
4.88077
4.99294
5.09263
5.16683
0.473936
0.979878
1.49135
1.96894
2.39639
2.77108
3.09734
3.38214
3.63276
3.85569
4.05634
4.23899
4.40697
4.56283
4.70845
4.84515
4.97353
5.0929
5.19905
5.27797
0.474029
0.980285
1.49246
1.97124
2.4004
2.77734
3.10639
3.39446
3.64876
3.87575
4.08075
4.26799
4.44076
4.60154
4.7522
4.894
5.02747
5.15177
5.26236
5.34452
0.474073
0.980441
1.49288
1.97213
2.402
2.77992
3.11024
3.39987
3.65603
3.88515
4.09253
4.28237
4.45791
4.62163
4.77533
4.92025
5.05686
5.18422
5.29759
5.38176
0.474092
0.980496
1.49303
1.97245
2.40257
2.78085
3.11165
3.4019
3.65882
3.88884
4.09725
4.28824
4.46505
4.63011
4.78524
4.93164
5.06975
5.19857
5.31326
5.3984
0.474092
0.980496
1.49303
1.97245
2.40257
2.78085
3.11165
3.4019
3.65882
3.88884
4.09725
4.28824
4.46505
4.63011
4.78524
4.93164
5.06974
5.19857
5.31326
5.3984
0.474073
0.980441
1.49288
1.97213
2.402
2.77992
3.11024
3.39987
3.65603
3.88515
4.09253
4.28237
4.45791
4.62162
4.77533
4.92025
5.05686
5.18422
5.29758
5.38174
0.474029
0.980285
1.49246
1.97124
2.4004
2.77734
3.10639
3.39446
3.64876
3.87575
4.08075
4.26799
4.44076
4.60154
4.7522
4.894
5.02747
5.15176
5.26235
5.34449
0.473936
0.979878
1.49135
1.96894
2.39639
2.77108
3.09734
3.38214
3.63276
3.85569
4.05634
4.23899
4.40697
4.56283
4.70845
4.84515
4.97352
5.09289
5.19903
5.27794
0.473707
0.978743
1.48835
1.96303
2.38651
2.75627
3.07682
3.35532
3.5992
3.8151
4.00852
4.1838
4.34433
4.49266
4.63072
4.75985
4.88076
4.99292
5.0926
5.1668
0.473005
0.975321
1.47987
1.94735
2.36189
2.7215
3.03116
3.29841
3.53093
3.73551
3.91771
4.08191
4.23146
4.3689
4.49617
4.61465
4.72511
4.82729
4.91807
4.98573
0.470468
0.964719
1.45636
1.90709
2.30249
2.64212
2.93206
3.18036
3.39484
3.58224
3.74798
3.89628
4.03038
4.15275
4.26528
4.36938
4.46594
4.55495
4.63406
4.69317
0.46052
0.929279
1.38754
1.80175
2.16039
2.46496
2.7225
2.94118
3.12853
3.29087
3.4332
3.55943
3.67257
3.77496
3.86842
3.95432
4.03366
4.10664
4.17176
4.22068
0.438373
0.84193
1.21576
1.54258
1.82228
2.06038
2.26332
2.437
2.58655
2.71629
2.82979
2.93003
3.01945
3.10004
3.17342
3.24082
3.30318
3.36082
3.41298
3.45292
0.463724
0.476538
0.532722
0.620316
0.726384
0.841084
0.957473
1.07112
1.17962
1.28197
1.37808
1.46829
1.55317
1.63335
1.70939
1.78177
1.85081
1.91643
1.97761
2.02896
)
;

boundaryField
{
    inlet
    {
        type            fixedValue;
        value           uniform 0.1;
    }
    outlet
    {
        type            zeroGradient;
    }
    walls
    {
        type            epsilonWallFunction;
        value           nonuniform List<scalar> 
800
(
0.463724
0.426224
0.422
0.421535
0.421479
0.421472
0.421471
0.421471
0.421471
0.421471
0.421471
0.421471
0.421471
0.421471
0.421472
0.421479
0.421535
0.422
0.426224
0.463724
0.476538
0.359999
0.344695
0.342749
0.342488
0.342452
0.342446
0.342445
0.342445
0.342445
0.342445
0.342445
0.342445
0.342446
0.342452
0.342488
0.342749
0.344695
0.359999
0.476538
0.532722
0.320487
0.289759
0.285511
0.28489
0.284795
0.28478
0.284777
0.284775
0.284775
0.284775
0.284775
0.284777
0.28478
0.284795
0.28489
0.285511
0.289759
0.320487
0.532722
0.620316
0.300362
0.249937
0.242569
0.241414
0.241225
0.241192
0.241185
0.241182
0.241181
0.241181
0.241182
0.241185
0.241192
0.241225
0.241414
0.242569
0.249937
0.300362
0.620316
0.726384
0.295489
0.220976
0.209629
0.207751
0.207425
0.207364
0.207352
0.207348
0.207346
0.207346
0.207348
0.207352
0.207364
0.207425
0.207751
0.209629
0.220976
0.295489
0.726384
0.841084
0.302768
0.20012
0.183915
0.18112
0.180608
0.180509
0.180488
0.180482
0.18048
0.18048
0.180482
0.180488
0.180509
0.180608
0.18112
0.183915
0.20012
0.302768
0.841084
0.957473
0.319876
0.185603
0.163617
0.159701
0.158952
0.158802
0.158769
0.15876
0.158758
0.158758
0.15876
0.158769
0.158802
0.158952
0.159701
0.163617
0.185603
0.319876
0.957473
1.07112
0.34487
0.176256
0.147508
0.142255
0.141213
0.140996
0.140948
0.140935
0.140932
0.140932
0.140935
0.140948
0.140996
0.141213
0.142255
0.147508
0.176256
0.34487
1.07112
1.17962
0.376018
0.171273
0.134729
0.127905
0.126511
0.126211
0.126143
0.126125
0.12612
0.12612
0.126125
0.126143
0.126211
0.126511
0.127905
0.134729
0.171273
0.376018
1.17962
1.28197
0.411757
0.170085
0.124668
0.116017
0.114206
0.113804
0.11371
0.113687
0.11368
0.11368
0.113687
0.11371
0.113804
0.114206
0.116017
0.124668
0.170085
0.411757
1.28197
1.37808
0.450709
0.172267
0.116883
0.106122
0.103822
0.103298
0.103173
0.103141
0.103133
0.103133
0.103141
0.103173
0.103298
0.103822
0.106122
0.116883
0.172267
0.450709
1.37808
1.46829
0.491719
0.17747
0.111048
0.0978653
0.0949975
0.0943298
0.0941667
0.0941246
0.0941137
0.0941137
0.0941246
0.0941667
0.0943298
0.0949975
0.0978653
0.111048
0.17747
0.491719
1.46829
1.55317
0.533866
0.18539
0.106928
0.0909783
0.087456
0.0866196
0.0864111
0.0863567
0.0863426
0.0863426
0.0863567
0.0864111
0.0866196
0.087456
0.0909783
0.106928
0.18539
0.533866
1.55317
1.63335
0.576452
0.19574
0.104346
0.085255
0.0809814
0.0799491
0.079687
0.0796177
0.0795997
0.0795997
0.0796177
0.079687
0.0799491
0.0809814
0.085255
0.104346
0.19574
0.576452
1.63335
1.70939
0.618972
0.208239
0.103173
0.0805369
0.0754043
0.0741459
0.073821
0.0737339
0.0737113
0.0737113
0.0737339
0.073821
0.0741459
0.0754043
0.080537
0.103173
0.208239
0.618971
1.70939
1.78178
0.66107
0.222601
0.103311
0.0767018
0.0705903
0.0690724
0.0686746
0.0685666
0.0685384
0.0685384
0.0685666
0.0686746
0.0690724
0.0705903
0.0767019
0.103311
0.222601
0.661069
1.78177
1.85082
0.702477
0.238535
0.104681
0.0736557
0.0664328
0.0646183
0.0641364
0.0640039
0.0639691
0.0639691
0.0640039
0.0641364
0.0646183
0.0664328
0.0736557
0.104681
0.238535
0.702475
1.85081
1.91645
0.742889
0.255719
0.107211
0.0713247
0.0628457
0.0606937
0.0601153
0.0599544
0.0599117
0.0599117
0.0599544
0.0601153
0.0606937
0.0628457
0.0713248
0.107211
0.255718
0.742886
1.91643
1.97763
0.781647
0.27371
0.110797
0.0696493
0.0597622
0.0572287
0.0565404
0.0563469
0.0562951
0.0562951
0.0563469
0.0565404
0.0572287
0.0597623
0.0696495
0.110797
0.273709
0.781642
1.97761
2.02899
0.815906
0.291124
0.115063
0.0685462
0.0571533
0.0542056
0.0533969
0.0531673
0.0531054
0.0531054
0.0531673
0.0533969
0.0542057
0.0571534
0.0685464
0.115063
0.291124
0.8159
2.02896
0.463724
0.426224
0.422
0.421535
0.421479
0.421472
0.421471
0.421471
0.421471
0.421471
0.421471
0.421471
0.421471
0.421471
0.421472
0.421479
0.421535
0.422
0.426224
0.463724
0.476538
0.359999
0.344695
0.342749
0.342488
0.342452
0.342446
0.342445
0.342445
0.342445
0.342445
0.342445
0.342445
0.342446
0.342452
0.342488
0.342749
0.344695
0.359999
0.476538
0.532722
0.320487
0.289759
0.285511
0.28489
0.284795
0.28478
0.284777
0.284775
0.284775
0.284775
0.284775
0.284777
0.28478
0.284795
0.28489
0.285511
0.289759
0.320487
0.532722
0.620316
0.300362
0.249937
0.242569
0.241414
0.241225
0.241192
0.241185
0.241182
0.241181
0.241181
0.241182
0.241185
0.241192
0.241225
0.241414
0.242569
0.249937
0.300362
0.620316
0.726384
0.295489
0.220976
0.209629
0.207751
0.207425
0.207364
0.207352
0.207348
0.207346
0.207346
0.207348
0.207352
0.207364
0.207425
0.207751
0.209629
0.220976
0.295489
0.726384
0.841084
0.302768
0.20012
0.183915
0.18112
0.180608
0.180509
0.180488
0.180482
0.18048
0.18048
0.180482
0.180488
0.180509
0.180608
0.18112
0.183915
0.20012
0.302768
0.841084
0.957473
0.319876
0.185603
0.163617
0.159701
0.158952
0.158802
0.158769
0.15876
0.158758
0.158758
0.15876
0.158769
0.158802
0.158952
0.159701
0.163617
0.185603
0.319876
0.957473
1.07112
0.34487
0.176256
0.147508
0.142255
0.141213
0.140996
0.140948
0.140935
0.140932
0.140932
0.140935
0.140948
0.140996
0.141213
0.142255
0.147508
0.176256
0.34487
1.07112
1.17962
0.376018
0.171273
0.134729
0.127905
0.126511
0.126211
0.126143
0.126125
0.12612
0.12612
0.126125
0.126143
0.126211
0.126511
0.127905
0.134729
0.171273
0.376018
1.17962
1.28197
0.411757
0.170085
0.124668
0.116017
0.114206
0.113804
0.11371
0.113687
0.11368
0.11368
0.113687
0.11371
0.113804
0.114206
0.116017
0.124668
0.170085
0.411757
1.28197
1.37808
0.450709
0.172267
0.116883
0.106122
0.103822
0.103298
0.103173
0.103141
0.103133
0.103133
0.103141
0.103173
0.103298
0.103822
0.106122
0.116883
0.172267
0.450709
1.37808
1.46829
0.491719
0.17747
0.111048
0.0978653
0.0949975
0.0943298
0.0941667
0.0941246
0.0941137
0.0941137
0.0941246
0.0941667
0.0943298
0.0949975
0.0978653
0.111048
0.17747
0.491719
1.46829
1.55317
0.533866
0.18539
0.106928
0.0909783
0.087456
0.0866196
0.0864111
0.0863567
0.0863426
0.0863426
0.0863567
0.0864111
0.0866196
0.087456
0.0909783
0.106928
0.18539
0.533866
1.55317
1.63335
0.576453
0.195741
0.104346
0.085255
0.0809814
0.0799491
0.079687
0.0796177
0.0795997
0.0795997
0.0796177
0.079687
0.0799491
0.0809814
0.085255
0.104346
0.19574
0.576452
1.63335
1.70939
0.618972
0.208239
0.103173
0.080537
0.0754043
0.0741459
0.073821
0.0737339
0.0737113
0.0737113
0.0737339
0.073821
0.0741459
0.0754043
0.080537
0.103173
0.208239
0.618972
1.70939
1.78178
0.661071
0.222602
0.103311
0.0767019
0.0705903
0.0690724
0.0686746
0.0685666
0.0685384
0.0685384
0.0685666
0.0686746
0.0690724
0.0705903
0.0767019
0.103311
0.222601
0.66107
1.78177
1.85082
0.702479
0.238536
0.104681
0.0736558
0.0664328
0.0646183
0.0641364
0.0640039
0.0639691
0.0639691
0.0640039
0.0641364
0.0646183
0.0664328
0.0736557
0.104681
0.238536
0.702477
1.85081
1.91645
0.742893
0.25572
0.107211
0.0713249
0.0628457
0.0606937
0.0601153
0.0599544
0.0599117
0.0599117
0.0599544
0.0601153
0.0606937
0.0628457
0.0713249
0.107211
0.25572
0.74289
1.91645
1.97764
0.781654
0.273713
0.110798
0.0696496
0.0597623
0.0572287
0.0565404
0.0563469
0.0562951
0.0562951
0.0563469
0.0565404
0.0572287
0.0597623
0.0696496
0.110798
0.273712
0.781649
1.97763
2.02901
0.815919
0.29113
0.115065
0.0685467
0.0571535
0.0542057
0.0533969
0.0531673
0.0531054
0.0531054
0.0531673
0.0533969
0.0542057
0.0571535
0.0685467
0.115064
0.291128
0.815913
2.029
)
;
    }
    frontAndBack
    {
        type            empty;
    }
}


// ************************************************************************* //
